jobid,submit,start,end,nnodes,duration,max_memory,randomness
0,170562253,170562253,170562426,1,172,35,0.018594326524808857
1,170562256,170562295,170567901,4,5606,117,0.36618108020880336
2,170562288,170562288,170563012,1,723,24,0.2037748713454708
3,170562288,170562288,170563012,1,723,86,0.1507111688180347
4,170562290,170562291,170562336,1,45,133,0.8577218719564766
5,170562300,170562300,170562482,1,182,42,0.20918293846826852
6,170562340,170562340,170562422,1,82,35,0.4804906689285623
7,170562342,170562342,170562409,1,66,56,0.6601867635788081
8,170562354,170562355,170568199,1,5843,130,0.02078772215664093
9,170562364,170562365,170562427,1,61,121,0.9857360252875981
10,170562423,170562423,170562449,1,26,59,0.5587734390048488
11,170562433,170562433,170568199,1,5766,131,0.22819189855481992
12,170562434,170562435,170562445,1,10,16,0.13970337482969186
13,170562452,170562452,170562504,1,51,58,0.40300564151476814
14,170562457,170562457,170562505,1,47,133,0.6355259313868598
15,170562458,170562458,170563503,1,1045,31,0.9445810290669581
16,170562494,170562499,170562673,1,173,78,0.965259591844204
17,170562508,170562511,170568199,1,5687,54,0.23173900145875226
18,170562528,170562530,170562569,6,38,44,0.3654936898965152
19,170562568,170562576,170563076,1,499,20,0.7997120597986842
20,170562591,170562592,170563091,1,499,28,0.20510854902250109
21,170562610,170562610,170562627,1,17,18,0.38992231332055327
22,170562620,170562621,170563124,1,502,56,0.7891890065661844
23,170562624,170562624,170563348,1,723,25,0.2970058468508623
24,170562631,170562633,170563133,1,500,20,0.28290067817730025
25,170562631,170562633,170563133,1,500,21,0.30240978184267986
26,170562634,170562635,170570822,1,8187,39,0.6681894733021682
27,170562651,170562651,170562674,1,22,19,0.7471846492594736
28,170562669,170562669,170562693,1,24,23,0.44098888228973976
29,170562689,170562689,170567829,16,5140,39,0.7494904938215999
30,170562770,170562770,170562796,1,26,23,0.6454104737317489
31,170562827,170562827,170562957,4,129,24,0.8051208942793383
32,170562827,170562827,170562938,4,110,27,0.15640051371104258
33,170562827,170562827,170562934,4,106,23,0.026302075112452084
34,170562827,170562827,170562942,4,114,25,0.07610195883336868
35,170562827,170562827,170562970,4,142,25,0.8128194155894054
36,170562955,170562955,170563377,1,422,57,0.751221182370486
37,170562976,170562984,170563977,4,993,25,0.5473051567092434
38,170562976,170562977,170563988,4,1011,26,0.42537344239314123
39,170562976,170562977,170563954,4,977,25,0.5017993122266382
40,170562976,170562977,170567148,4,4171,27,0.09463220981836495
41,170562976,170562981,170564037,4,1055,25,0.6634659251276214
42,170563012,170563012,170563735,1,723,25,0.2949674939107032
43,170563012,170563012,170563735,1,723,25,0.4968800800282934
44,170563076,170563077,170563578,1,500,21,0.21939899150412945
45,170563091,170563093,170563592,1,499,20,0.18303375187900262
46,170563097,170563097,170563281,1,183,16,0.07144750728974603
47,170563124,170563124,170563626,1,501,58,0.9947454523342871
48,170563133,170563135,170563636,1,500,20,0.9109198367350348
49,170563133,170563135,170563636,1,500,57,0.4172396408373289
50,170563348,170563348,170564071,1,723,30,0.9366954464128502
51,170563578,170563579,170564080,1,500,21,0.9514786981169355
52,170563592,170563594,170564094,1,500,58,0.3800061181424783
53,170563626,170563626,170564128,1,501,20,0.07167279505557522
54,170563636,170563637,170564139,1,501,21,0.17700216217883513
55,170563636,170563637,170564139,1,501,20,0.6869258220173547
56,170563646,170563646,170563719,1,73,23,0.8167288342482355
57,170563701,170563702,170563911,1,209,17,0.6933589644657844
58,170563729,170563729,170563741,1,12,29,0.24396038373503515
59,170563730,170563730,170563741,1,11,30,0.9806607202343999
60,170563735,170563736,170564460,1,724,48,0.7808690925258723
61,170563735,170563736,170564460,1,724,25,0.8381956956036568
62,170563767,170563768,170563774,1,6,30,0.958812552829106
63,170563768,170563768,170563774,1,5,30,0.6592344906131866
64,170563814,170563814,170563834,1,19,41,0.0075905451888484965
65,170563815,170563815,170563834,1,19,41,0.10720414050292704
66,170563870,170563870,170564267,1,396,25,0.12063275009278851
67,170563907,170563907,170563912,1,4,17,0.31345934130884057
68,170564049,170564049,170564768,1,719,23,0.7016873439439826
69,170564071,170564071,170564796,1,725,27,0.06876807525150974
70,170564080,170564082,170564580,1,498,21,0.6081387657456284
71,170564094,170564096,170564597,1,501,21,0.2829859403658296
72,170564128,170564128,170564633,1,504,24,0.30906458081507326
73,170564139,170564140,170564641,1,500,21,0.378071518107006
74,170564139,170564140,170564643,1,502,20,0.7538103415796049
75,170564183,170564200,170565644,8,1444,58,0.17860767775888786
76,170564184,170564279,170565722,8,1442,38,0.6216387231113598
77,170564184,170564281,170564287,8,6,26,0.8169926588592871
78,170564460,170564460,170565184,1,724,46,0.9550906709550387
79,170564460,170564460,170565184,1,724,25,0.4605841711491381
80,170564481,170564481,170565926,8,1444,62,0.010433298234590938
81,170564482,170564594,170564879,8,284,79,0.18039537544293716
82,170564580,170564594,170565093,1,498,21,0.8742664145820447
83,170564597,170564598,170565099,1,500,75,0.7247150429997385
84,170564633,170564634,170565135,1,501,20,0.6856813904034912
85,170564641,170564642,170565142,1,499,20,0.08076103611572727
86,170564643,170564645,170565146,1,501,38,0.4263156349754408
87,170564721,170564937,170564949,64,12,57,0.2330874358114069
88,170564771,170564771,170565336,1,565,22,0.06925793468330443
89,170564796,170564804,170565528,1,723,39,0.6166432028874609
90,170564842,170564843,170564846,1,3,26,0.9272983397940306
91,170564849,170564849,170564853,1,3,26,0.07884459102794317
92,170564885,170564890,170570849,1,5959,23,0.431314493331988
93,170564886,170564890,170573533,1,8643,24,0.5676934438540351
94,170564886,170564890,170572606,1,7715,25,0.9067948253819308
95,170564887,170564890,170573533,1,8643,25,0.17349544001798878
96,170564887,170564890,170573486,1,8596,26,0.5333815241040946
97,170564888,170564902,170573545,1,8642,27,0.0735343610907705
98,170564888,170564902,170572716,1,7813,26,0.1329451486476415
99,170564888,170564902,170573545,1,8642,26,0.7280913936040254
100,170564893,170564893,170565617,1,724,140,0.9187014144807806
101,170564900,170564902,170567782,1,2879,470,0.6337124243654253
102,170564973,170565007,170573650,1,8643,179,0.1034979677642176
103,170564973,170564996,170573444,1,8448,178,0.547501519243731
104,170564973,170564996,170573638,1,8642,180,0.35416883075357175
105,170564973,170564996,170572330,1,7334,179,0.6691643679672673
106,170564973,170564996,170573638,1,8642,182,0.22979007267407425
107,170564973,170565003,170572344,1,7341,180,0.07217647987845355
108,170565014,170565181,170565489,32,308,55,0.44336424283001774
109,170565075,170565085,170573728,1,8643,193,0.6992237285595321
110,170565093,170565097,170565598,1,501,21,0.7389148598538203
111,170565096,170565096,170565121,1,25,19,0.5110099386941259
112,170565099,170565109,170565612,1,503,22,0.019567757518877182
113,170565135,170565146,170565648,1,501,20,0.9594155993810745
114,170565142,170565146,170565650,1,503,21,0.8611738647189284
115,170565146,170565158,170565662,1,503,38,0.13352678953889086
116,170565184,170565184,170565909,1,724,32,0.17818143805134612
117,170565184,170565184,170565909,1,724,26,0.30839141465144804
118,170565186,170565186,170565219,1,33,19,0.5193296503380457
119,170565222,170565222,170565256,1,33,19,0.9402472778506631
120,170565265,170565265,170565299,1,34,19,0.9066539713262634
121,170565312,170565585,170568939,32,3354,40,0.5281257777201048
122,170565338,170565338,170566350,1,1012,22,0.4847746991415961
123,170565344,170565502,170565506,16,3,19,0.322316152854654
124,170565344,170565502,170565506,16,4,31,0.6365023997879224
125,170565345,170565514,170565519,16,4,19,0.07553478119128598
126,170565345,170565514,170565521,16,6,31,0.3841578068047239
127,170565368,170565379,170566103,1,723,19,0.12992564365839576
128,170565368,170565379,170566103,1,723,18,0.4422639226486248
129,170565369,170565544,170565552,64,7,89,0.7393606034732769
130,170565369,170565553,170565563,64,9,89,0.06320491146576457
131,170565369,170565565,170565583,64,17,34,0.5280560979665044
132,170565412,170565412,170565419,1,7,30,0.3099931640511887
133,170565444,170565539,170567791,2,2251,123,0.8531514087399221
134,170565455,170565455,170566179,1,723,30,0.16163034341453875
135,170565489,170565576,170565684,1,107,30,0.691541604188278
326,170565489,170565576,170565685,1,108,26,0.10176173369766173
327,170565489,170565576,170565684,1,108,26,0.7648915451387283
328,170565489,170565576,170565685,1,108,26,0.2938289445026715
329,170565489,170565576,170565682,1,106,26,0.9993214926799014
136,170565507,170565572,170567014,8,1442,76,0.1518702645084643
137,170565512,170565514,170565521,1,6,15,0.3757245281613
138,170565512,170565514,170565521,1,6,17,0.5015452852758115
139,170565512,170565514,170565521,1,6,18,0.5904770237786156
140,170565512,170565514,170565520,1,6,16,0.5244124613045412
141,170565512,170565514,170565520,1,6,16,0.38970831659675575
142,170565512,170565514,170565520,1,6,16,0.4743010865126761
143,170565512,170565526,170565530,1,3,16,0.9383439125270274
144,170565512,170565526,170565530,1,3,18,0.9386487154241102
145,170565512,170565526,170565530,1,3,18,0.17840497799619737
146,170565512,170565526,170565532,1,5,16,0.5290757156084336
147,170565512,170565526,170565532,1,5,16,0.7185144508012485
148,170565512,170565526,170565532,1,5,16,0.5291451870957524
149,170565512,170565526,170565530,1,3,17,0.9688370517949166
150,170565512,170565526,170565530,1,3,17,0.8169156379320134
151,170565513,170565526,170565530,1,3,16,0.43812485935379775
152,170565513,170565526,170565532,1,5,31,0.26057975706809766
153,170565513,170565526,170565532,1,5,18,0.29543769206309967
154,170565513,170565526,170565532,1,5,17,0.2394615449981886
155,170565521,170565521,170565531,1,9,30,0.8699870898912409
156,170565528,170565564,170566288,1,724,24,0.08065706804246386
157,170565533,170565533,170565550,1,16,47,0.2732481434640587
158,170565538,170566661,170567487,256,825,489,0.7894624734700888
159,170565538,170567489,170568300,256,811,489,0.13485214875470586
160,170565538,170568302,170569132,256,829,482,0.25463734431158536
161,170565538,170569134,170569933,256,799,480,0.8042412807459489
162,170565538,170569376,170570174,256,797,176,0.14518581670056263
163,170565551,170580721,170582705,32,1984,101,0.6603251517567073
164,170565551,170581198,170582633,32,1435,78,0.4045114510039486
165,170565552,170581206,170583194,32,1988,102,0.49643147774026397
166,170565552,170581206,170582651,32,1444,163,0.44040939897168474
167,170565552,170581255,170583238,32,1982,103,0.9988858849505666
168,170565552,170581399,170582841,32,1441,97,0.4080135171102586
169,170565552,170581666,170583652,32,1985,101,0.8798185605440093
170,170565552,170581746,170583181,32,1434,116,0.9219152425686603
171,170565552,170581862,170583845,32,1983,145,0.9170370384150989
172,170565552,170581873,170583339,32,1465,143,0.49924126260278734
173,170565552,170581949,170583944,32,1994,80,0.984149037981441
174,170565552,170582011,170583444,32,1433,144,0.00427281304400462
175,170565552,170582044,170584024,32,1980,142,0.5076128340182531
176,170565552,170582110,170583547,32,1437,98,0.5539335766976952
177,170565552,170582122,170584108,32,1985,100,0.9036912824913133
178,170565552,170582314,170583753,32,1438,344,0.6916620004639347
179,170565552,170582635,170584623,32,1988,91,0.21429847909721478
180,170565552,170582653,170584100,32,1447,163,0.11047481366070488
181,170565552,170582707,170584697,32,1990,100,0.38411555092169747
182,170565552,170582842,170584287,32,1445,98,0.9912124440985494
183,170565552,170583183,170585347,32,2164,92,0.5885709122285252
184,170565552,170583196,170584625,32,1429,115,0.250703688439604
185,170565552,170583240,170585232,32,1992,90,0.9565371310041231
186,170565552,170583340,170584781,32,1441,92,0.6759855656393601
187,170565552,170583445,170585432,32,1987,91,0.5542846075874481
188,170565552,170583548,170584981,32,1432,92,0.31268451446020684
189,170565552,170583654,170585651,32,1997,99,0.7740963333062871
190,170565552,170583755,170585203,32,1447,344,0.2773997917737492
191,170565552,170583847,170585832,32,1984,94,0.40100245400739387
192,170565552,170583946,170585381,32,1435,80,0.10624810640823568
193,170565552,170584026,170586009,32,1982,92,0.9999512940640819
194,170565552,170584102,170585541,32,1439,163,0.11812671693944299
195,170565558,170565564,170566442,1,878,58,0.38294350730008775
196,170565558,170565564,170566469,1,905,58,0.7428865205481788
197,170565558,170565576,170566410,1,834,70,0.15850659397514222
198,170565558,170565576,170566495,1,918,71,0.6229488177736128
199,170565558,170565576,170566520,1,943,93,0.23391574366501855
200,170565558,170565576,170566405,1,828,66,0.02569316408119182
201,170565558,170565576,170566328,1,752,67,0.5516319266240338
202,170565558,170565576,170566348,1,772,71,0.6861145364357853
203,170565558,170565576,170566375,1,799,68,0.7126841361627619
204,170565558,170565576,170566429,1,852,72,0.6897935892165452
205,170565559,170565576,170566400,1,824,62,0.07681196326794315
206,170565559,170565576,170565954,1,377,72,0.06830467418622654
207,170565559,170565576,170565979,1,403,71,0.7150530295709647
208,170565559,170565576,170566570,1,993,78,0.27970176823329107
209,170565559,170565585,170566600,1,1015,63,0.39778722421244683
210,170565559,170565585,170566237,1,652,56,0.9422915196497496
211,170565559,170565585,170566472,1,887,57,0.31314070860475196
212,170565559,170565585,170566449,1,864,61,0.40612530270158165
213,170565559,170565585,170566341,1,756,61,0.5696856094894325
214,170565559,170565585,170566341,1,756,74,0.14691277278866843
215,170565559,170565585,170566343,1,758,57,0.5851779936859117
216,170565559,170565585,170566445,1,860,60,0.36484285485013357
217,170565559,170565585,170566445,1,860,62,0.315272266482751
218,170565559,170565585,170566413,1,828,64,0.7641975530930404
219,170565559,170565585,170566767,1,1182,85,0.4810826630534325
220,170565559,170565585,170566499,1,914,80,0.09405167057320518
221,170565559,170565585,170566564,1,979,71,0.8237895839732836
222,170565559,170565585,170566437,1,852,58,0.2526648751767434
223,170565559,170565585,170566533,1,948,58,0.5651792291733193
224,170565559,170565585,170566566,1,981,70,0.053394679506756026
225,170565559,170565585,170566977,1,1392,70,0.25155068596878316
226,170565559,170565585,170566985,1,1400,66,0.2012551900083368
227,170565559,170565585,170566729,1,1144,70,0.3231836898288608
228,170565559,170565585,170566975,1,1390,70,0.32678159874441126
229,170565559,170565585,170567002,1,1417,85,0.43611531756121
230,170565559,170565585,170566530,1,945,70,0.5871674480997262
231,170565559,170565585,170566409,1,824,79,0.2251367579051774
232,170565559,170565585,170566462,1,877,90,0.30990402330172695
233,170565559,170565585,170566266,1,681,70,0.6877042244158185
234,170565559,170565585,170566172,1,587,70,0.13596712654810317
235,170565559,170565585,170566696,1,1111,70,0.9489192734540949
236,170565559,170565585,170566775,1,1190,70,0.35063388318661626
237,170565559,170565585,170566720,1,1135,70,0.05023337075724421
238,170565560,170565585,170566883,1,1298,70,0.29870583254643923
239,170565560,170565585,170566677,1,1092,92,0.3050930779578793
240,170565560,170565585,170566677,1,1092,70,0.7298244964052527
241,170565560,170565585,170566634,1,1049,70,0.5407643780191583
242,170565560,170565585,170566473,1,888,93,0.7971347575138718
243,170565560,170565585,170566345,1,760,71,0.01240610817411425
244,170565560,170565585,170566340,1,755,92,0.38463901033406644
245,170565560,170565585,170566363,1,778,87,0.6679990041967149
246,170565560,170565585,170566622,1,1037,70,0.6692957106673209
247,170565560,170565585,170566598,1,1013,71,0.6648410942325736
248,170565560,170565585,170566580,1,995,56,0.8251321200741136
249,170565560,170565585,170566618,1,1033,70,0.6393690082011086
250,170565560,170565585,170566674,1,1089,86,0.14130907924447078
251,170565560,170565663,170566761,1,1097,69,0.9861536703821523
252,170565560,170565663,170566708,1,1045,70,0.1334415996264826
253,170565560,170565663,170566692,1,1029,70,0.5964026672870124
254,170565560,170565737,170566727,1,990,90,0.7187345443613196
255,170565560,170565737,170566808,1,1071,88,0.2931203276126668
256,170565560,170565737,170566589,1,851,84,0.18298962067226043
257,170565560,170565737,170566653,1,916,111,0.8304862000666495
258,170565560,170565737,170566807,1,1070,88,0.20694545348873494
259,170565560,170565737,170566785,1,1048,89,0.16426858954022294
260,170565560,170565564,170565926,1,362,21,0.8300892366581666
261,170565562,170565737,170566528,1,790,90,0.30422147722108706
262,170565562,170565737,170566481,1,744,90,0.39508885574243824
263,170565562,170565749,170566826,1,1077,88,0.8468994618876626
264,170565562,170565774,170566997,1,1222,112,0.016146573327975977
265,170565562,170565860,170567224,1,1363,58,0.625575098105342
266,170565562,170565910,170566794,1,884,59,0.27902750571528234
267,170565563,170565910,170566874,1,964,64,0.21776272288144838
268,170565563,170565910,170566666,1,755,59,0.032190249082200806
269,170565563,170565910,170566693,1,783,59,0.4297562151625791
270,170565563,170565910,170566718,1,807,59,0.565590438011058
271,170565563,170565910,170566745,1,835,59,0.8977849966114423
272,170565563,170565910,170566497,1,587,59,0.7910997336344464
273,170565563,170565910,170566561,1,651,59,0.3880967587944991
274,170565563,170565910,170566777,1,867,58,0.29152354122627344
275,170565563,170565910,170567038,1,1128,58,0.08183180320176053
276,170565563,170565910,170566555,1,645,57,0.8172552680400782
277,170565563,170565910,170566493,1,582,66,0.881731225942977
278,170565563,170565935,170566802,1,867,56,0.09920392686676371
279,170565563,170565922,170566695,1,773,58,0.3246861629005935
280,170565563,170565984,170566873,1,888,58,0.2924061682665563
281,170565563,170565984,170566889,1,904,58,0.805739267110114
282,170565563,170566146,170566891,1,744,58,0.20309252587910787
283,170565563,170566146,170566991,1,845,58,0.5471413319570594
284,170565563,170567391,170568254,1,862,58,0.8935619882623457
285,170565563,170567418,170568504,1,1086,79,0.8930089248450601
286,170565563,170567418,170568461,1,1042,89,0.8800388225510698
287,170565563,170567495,170568545,1,1049,68,0.6310354906427906
288,170565563,170567495,170568522,1,1027,61,0.6628455271826628
289,170565563,170567600,170568500,1,899,137,0.2912224660750159
290,170565563,170567600,170568484,1,884,57,0.5341205732465928
291,170565563,170567600,170568968,1,1368,57,0.9475454343880688
292,170565563,170567600,170568996,1,1395,58,0.9281900656444616
293,170565563,170567600,170568876,1,1275,58,0.3252584414626485
294,170565563,170567627,170569022,1,1395,59,0.8927147912589012
295,170565563,170567693,170569123,1,1429,113,0.19913468764061815
296,170565563,170567707,170569117,1,1410,62,0.5504153952425467
297,170565563,170567746,170569157,1,1410,73,0.3965311318355308
298,170565563,170567853,170569259,1,1406,63,0.7704432330038262
299,170565563,170567853,170569040,1,1187,57,0.42199805433481274
300,170565563,170567853,170569143,1,1290,64,0.3224613681794626
301,170565564,170567853,170568849,1,996,85,0.7555176228826169
302,170565564,170567879,170569172,1,1292,58,0.4395192567526186
303,170565564,170568297,170569274,1,977,58,0.594397839649491
304,170565564,170568297,170569220,1,922,62,0.6320487797376859
305,170565564,170568297,170569304,1,1006,63,0.49469409264924713
306,170565564,170568310,170569474,1,1163,70,0.16741446480311395
307,170565564,170568310,170569502,1,1192,97,0.7896347135898845
308,170565564,170568323,170569248,1,924,63,0.9513416736024799
309,170565564,170568323,170569099,1,776,58,0.9298400404740762
310,170565564,170568336,170569145,1,809,56,0.3337955141989286
311,170565564,170568375,170569148,1,773,93,0.8581994246239668
312,170565564,170568415,170569272,1,857,57,0.12547436056679195
313,170565564,170568467,170569467,1,1000,68,0.9936478812899381
314,170565564,170568480,170569464,1,984,70,0.9693812281586576
315,170565564,170568493,170569638,1,1144,99,0.004472730661942648
316,170565564,170568493,170569631,1,1137,89,0.9768055884509653
317,170565564,170568534,170569518,1,983,73,0.3173698539953932
318,170565564,170568534,170569477,1,943,57,0.5060724821942775
319,170565564,170568534,170569491,1,956,57,0.9375434296288351
320,170565564,170568534,170569502,1,967,57,0.25102986367282787
321,170565564,170568534,170569436,1,902,57,0.8246858353569547
322,170565564,170568534,170569416,1,881,57,0.7654582750049972
323,170565564,170568547,170569521,1,974,68,0.6036333906301871
324,170565565,170568586,170569545,1,959,69,0.4527852040404202
325,170565565,170568586,170569722,1,1136,65,0.058798226294941136
330,170565598,170565600,170566099,1,499,21,0.9244872948332771
331,170565612,170565614,170566113,1,499,22,0.6201546413116698
332,170565620,170565621,170566311,1,690,168,0.5213007213625354
333,170565631,170565632,170566055,1,423,40,0.45077263586468974
334,170565632,170565633,170565695,1,61,120,0.8438400162956677
335,170565635,170565636,170565687,1,50,53,0.2913314271920733
336,170565648,170565650,170566152,1,501,20,0.39833945900933665
337,170565650,170565651,170566150,1,499,20,0.5883194215986615
338,170565658,170565658,170565662,2,4,17,0.5340146331412693
339,170565662,170565664,170566167,1,503,23,0.17586303926004032
340,170565690,170565690,170565994,2,303,27,0.29807288254060016
341,170565728,170565729,170565787,1,58,120,0.4400047186704775
342,170565749,170565749,170565773,2,24,23,0.18620629695503743
343,170565749,170565750,170565774,2,24,22,0.1068525959339015
344,170565750,170565750,170565778,2,27,26,0.2320128111997678
345,170565751,170565751,170565777,2,26,24,0.8897806560398709
346,170565752,170565752,170565777,2,25,24,0.2458624825121909
347,170565768,170565770,170565785,1,15,19,0.05362754369586198
348,170565789,170565789,170565865,5,76,28,0.43900258471715947
349,170565790,170565790,170570821,1,5030,49,0.11700353683316833
350,170565790,170565790,170565816,2,25,22,0.05609613763341048
351,170565790,170565790,170565815,2,24,23,0.8720963794740758
352,170565791,170565791,170565815,2,24,23,0.4114457867896757
353,170565792,170565792,170565847,2,55,24,0.2118826068327917
354,170565793,170565793,170565822,2,29,24,0.8031764347261459
355,170565806,170568493,170568505,1,11,85,0.08879058360620717
356,170565806,170568507,170568515,1,7,85,0.11326748292621347
357,170565806,170568507,170568517,1,10,86,0.3221769713811814
358,170565806,170568507,170568517,1,9,63,0.07780992299156675
359,170565806,170568521,170568529,1,8,16,0.1661170059856123
360,170565806,170568521,170568529,1,8,86,0.1356027930535656
361,170565806,170568521,170568531,1,9,57,0.23400662023900987
362,170565806,170568534,170568544,1,10,30,0.3425888061395451
363,170565806,170568534,170568543,1,8,65,0.14323044699611276
364,170565806,170568534,170568542,1,8,38,0.1338343345864621
365,170565806,170568547,170568556,1,8,30,0.45220041859940774
366,170565806,170568547,170568556,1,8,16,0.699369895178369
367,170565806,170568547,170568556,1,8,29,0.10270717720067712
368,170565806,170568547,170568557,1,9,17,0.5841554966517692
369,170565806,170568560,170568568,1,8,24,0.26502638449751303
370,170565806,170568560,170568568,1,8,16,0.5174002899463586
371,170565806,170568560,170568568,1,8,17,0.6070192242665037
372,170565806,170568573,170568581,1,8,24,0.4843683018409267
373,170565806,170568560,170568568,1,8,17,0.4039357958048643
374,170565806,170568573,170568581,1,8,17,0.060761485593939124
375,170565806,170568573,170568583,1,9,65,0.22193892709812968
376,170565806,170568573,170568583,1,9,17,0.708636867078333
377,170565806,170568573,170568581,1,7,18,0.8935472750326217
378,170565806,170568573,170568583,1,9,18,0.347004773628835
379,170565806,170568573,170568581,1,7,17,0.30669454106605754
380,170565806,170568573,170568583,1,9,67,0.0448414317729795
381,170565806,170568573,170568583,1,9,17,0.5500219383524295
382,170565807,170568573,170568583,1,9,65,0.6716091783948022
383,170565807,170568586,170568594,1,8,24,0.657693312799791
384,170565807,170568586,170568594,1,8,17,0.8218384624037243
385,170565807,170568586,170568594,1,8,36,0.5743740509602036
386,170565807,170568586,170568594,1,7,17,0.08183369540997654
387,170565807,170568586,170568594,1,8,18,0.893809829040873
388,170565807,170568599,170568607,1,8,24,0.9511030160083183
389,170565807,170568586,170568594,1,7,18,0.30868388517915357
390,170565807,170568586,170568594,1,7,17,0.36329149972271224
391,170565807,170568586,170568594,1,7,66,0.3360236044474981
392,170565807,170568586,170568594,1,7,41,0.49578084291855706
393,170565807,170568599,170568607,1,8,17,0.258820450348373
394,170565807,170568599,170568607,1,8,17,0.8017509320176998
395,170565807,170568599,170568607,1,8,18,0.07233131457943798
396,170565807,170568599,170568607,1,8,18,0.5278311951038832
397,170565807,170568599,170568607,1,8,17,0.7200034501398269
398,170565807,170568599,170568609,1,10,17,0.42193569411243537
399,170565807,170568599,170568607,1,8,19,0.4079363236048492
400,170565807,170568599,170568609,1,10,18,0.05011128188903324
401,170565807,170568599,170568609,1,10,18,0.5383727723122421
402,170565807,170568612,170568620,1,8,24,0.20010310289874134
403,170565807,170568612,170568620,1,8,16,0.7451259099685968
404,170565807,170568612,170568621,1,8,17,0.24223777166115168
405,170565807,170568612,170568620,1,8,17,0.7631277723839731
406,170565807,170568612,170568621,1,9,33,0.28540010438019126
407,170565807,170568612,170568620,1,8,17,0.20631370079599354
408,170565807,170568624,170568639,1,14,19,0.6322476990359691
409,170565807,170568612,170568620,1,8,16,0.7536217921297199
410,170565807,170568612,170568620,1,8,17,0.10498814202446227
411,170565807,170568612,170568621,1,9,18,0.9937832598275178
412,170565807,170568612,170568620,1,8,19,0.138108789032931
413,170565807,170568612,170568621,1,9,18,0.17754515197009368
414,170565807,170568624,170568639,1,14,25,0.12827729673316768
415,170565808,170568624,170568639,1,14,18,0.3359252470997608
416,170565808,170568624,170568639,1,14,18,0.47034427174485505
417,170565808,170568624,170568639,1,14,19,0.09359607078050569
418,170565808,170568624,170568639,1,14,32,0.6951803561088841
419,170565808,170568624,170568639,1,14,18,0.6802292643809563
420,170565810,170565810,170567588,8,1777,95,0.3257671988158082
421,170565814,170565814,170565828,1,14,19,0.4676405425098621
422,170565828,170565828,170565831,1,3,18,0.25867551964044455
423,170565830,170565831,170565861,2,30,23,0.6262321943516763
424,170565831,170565832,170565868,2,36,23,0.3564395891081382
425,170565832,170565832,170565869,2,37,24,0.06976512076491925
426,170565833,170565833,170565867,2,34,22,0.5167328810688202
427,170565833,170565833,170565868,2,34,24,0.180153108716392
428,170565872,170565872,170565905,2,33,22,0.9726978449560022
429,170565873,170565873,170565904,2,30,23,0.45524416513202737
430,170565874,170565874,170565906,2,31,23,0.4015741365476354
431,170565875,170565875,170565888,1,13,36,0.42832374821169594
432,170565875,170565875,170565894,2,19,24,0.8689337287959451
433,170565876,170565876,170565897,2,20,24,0.7503113927727001
434,170565881,170565882,170566003,1,120,132,0.017485840710583456
435,170565884,170565885,170566248,1,362,27,0.16480215410057897
436,170565890,170565890,170565905,1,14,18,0.06051260555254023
437,170565902,170565902,170565913,1,11,20,0.1919051935179409
438,170565906,170565907,170574549,1,8642,29,0.24009976450784054
439,170565909,170565909,170566318,1,409,25,0.17908087139102657
440,170565909,170565909,170566318,1,409,26,0.8436642239755998
441,170565915,170565915,170565945,2,30,24,0.8163248189868504
442,170565916,170565916,170565934,2,17,69,0.9520677750855104
443,170565916,170569935,170570997,256,1061,480,0.8789479128562913
444,170565917,170570176,170571230,256,1053,176,0.29586253206185464
445,170565917,170570999,170572061,256,1062,479,0.15183749484199294
446,170565917,170571232,170572288,256,1056,176,0.26035598186573894
447,170565917,170572065,170573125,256,1059,476,0.8525618319796939
448,170565917,170565917,170565946,2,28,22,0.827572882998388
449,170565918,170565918,170565946,2,27,22,0.8797272613061532
450,170565919,170565919,170565946,2,26,23,0.5219315876252796
451,170565920,170572291,170573346,256,1055,381,0.3556627789745459
452,170565920,170573129,170574189,256,1060,476,0.6007742523697386
453,170565920,170573348,170574396,256,1047,382,0.4655963055142428
454,170565920,170574191,170575254,256,1062,473,0.1880303203609306
455,170565921,170574399,170575453,256,1054,382,0.4789018253046523
456,170565921,170569393,170569498,1,104,26,0.14704580845324955
2127,170565921,170569381,170569490,1,109,25,0.23181136113461454
2128,170565921,170569381,170569490,1,109,25,0.953183984942155
2129,170565921,170569381,170569490,1,109,26,0.7184613313316286
2133,170565921,170569393,170569498,1,105,47,0.016901729363009266
457,170565923,170565923,170565937,1,14,17,0.40767064431323374
458,170565934,170565934,170565948,1,14,17,0.07269476819883691
459,170565950,170565950,170565977,2,27,107,0.6929614770342962
460,170565957,170565958,170565983,2,25,23,0.2633736313210182
461,170565958,170565958,170565983,2,24,22,0.5504701089763789
462,170565959,170565959,170565977,2,17,22,0.15521651876166798
463,170565960,170565960,170565978,2,17,24,0.003759218765886252
464,170565961,170565961,170565985,2,23,69,0.12892220905038632
465,170565973,170565979,170565992,1,13,26,0.5914503508709168
466,170565974,170565974,170565983,1,8,16,0.6169343120936419
467,170565994,170565996,170566034,2,38,27,0.9222239759853447
468,170565994,170565994,170566004,1,10,26,0.9836811055578589
469,170565999,170565999,170566008,1,8,16,0.2566479172995564
470,170565999,170565999,170566024,2,24,23,0.8497907945497466
471,170566000,170566000,170566025,2,24,22,0.2032587160919601
472,170566001,170566002,170566025,2,23,22,0.4476024252894195
473,170566002,170566003,170566026,2,22,24,0.715718535650527
474,170566003,170566003,170566025,2,21,69,0.10703547602946362
475,170566008,170566008,170574651,2,8643,91,0.523339398052604
476,170566020,170566021,170566028,1,7,67,0.16085741430205724
477,170566027,170566027,170566043,1,16,27,0.18366761381369
478,170566033,170566035,170566191,2,155,39,0.8036733650624219
479,170566041,170566042,170566060,2,18,23,0.8838576396025555
480,170566042,170566042,170566064,2,21,22,0.30366894579554005
481,170566042,170566042,170566063,2,20,22,0.6330037903463588
482,170566043,170566044,170566065,2,21,44,0.42942562177167687
483,170566044,170566044,170566064,2,20,44,0.6302207613280901
484,170566058,170566058,170566063,1,5,68,0.9414981831908381
485,170566079,170566079,170566097,1,17,25,0.9056354705759652
486,170566080,170566081,170567164,1,1083,36,0.16083301097957992
487,170566082,170566082,170566102,2,20,22,0.11274007321534896
488,170566083,170566083,170566101,2,18,22,0.311939802396901
489,170566083,170566083,170566091,2,7,31,0.025208924866181204
490,170566084,170566084,170566102,2,18,22,0.7545792879969877
491,170566084,170566084,170569045,1,2961,133,0.2364742463465126
492,170566084,170566084,170566107,2,22,44,0.1091587799723307
493,170566085,170566085,170566104,2,18,40,0.9052118382336297
494,170566087,170566093,170566193,2,99,31,0.9540294052529481
495,170566089,170566089,170566096,5,7,64,0.8405270020979649
496,170566098,170566098,170566107,2,9,25,0.3855427195818487
497,170566099,170566109,170566610,1,501,22,0.798197298175752
498,170566104,170566109,170566473,4,364,54,0.31397477487101366
499,170566105,170566105,170566127,2,21,23,0.26036430355212303
500,170566113,170566121,170566624,1,502,21,0.5240016492722106
501,170566114,170566114,170568816,1,2701,36,0.23467657091371164
502,170566114,170566114,170566131,1,16,18,0.2522161071345229
503,170566126,170566126,170568831,1,2704,54,0.14108139319529756
504,170566130,170566130,170566186,5,55,57,0.40439038897894153
505,170566131,170566132,170566263,1,130,122,0.22987760290039183
506,170566134,170566134,170566539,1,404,32,0.4869566607853938
507,170566139,170566146,170566506,1,360,491,0.09480284466281508
508,170566150,170566171,170566676,1,505,22,0.5409601922737977
509,170566152,170566158,170566664,1,505,20,0.4506923424288092
510,170566152,170566152,170566178,2,25,104,0.28345549772573375
511,170566167,170566171,170566676,1,505,21,0.403123584257158
512,170566183,170566196,170566918,1,721,19,0.2070548976054597
513,170566183,170566196,170566918,1,721,17,0.7901430117796202
514,170566185,170566185,170566193,1,8,18,0.9206340583102248
515,170566208,170566209,170566235,1,26,17,0.6495575863527949
516,170566219,170566219,170566343,2,124,30,0.7587948061474434
517,170566227,170566227,170566771,1,543,43,0.43503037008484313
518,170566243,170566245,170566250,2,4,18,0.6092059629735775
519,170566243,170566245,170566253,8,7,18,0.10083800078697791
520,170566243,170566245,170566253,8,7,21,0.8875680403464811
521,170566243,170566245,170566253,8,7,19,0.9515630738269589
522,170566243,170566245,170566260,4,14,29,0.863464163363131
523,170566243,170566482,170566846,4,364,32,0.6836097943121054
524,170566243,170566245,170566253,8,7,56,0.958357868943427
525,170566243,170566245,170566253,8,7,19,0.6297098684075879
526,170566251,170566258,170566308,2,50,62,0.3242448219881373
527,170566252,170566258,170566309,2,51,62,0.19200233839543102
528,170566253,170566258,170566310,2,52,62,0.42810394851157085
529,170566254,170566258,170566310,2,52,62,0.8439610892328083
530,170566255,170566258,170566310,2,52,62,0.4502535172989549
531,170566258,170566258,170566302,5,43,21,0.11553550131886337
532,170566267,170566283,170566648,2,365,33,0.9887983059553207
533,170566267,170566283,170566648,2,365,30,0.5390016182438688
534,170566267,170566270,170566633,2,362,34,0.6979103652174483
535,170566267,170566270,170566633,2,362,55,0.22330656820171402
536,170566267,170566270,170566633,2,362,33,0.177277722769137
537,170566267,170566270,170566633,2,362,33,0.38795633713160493
538,170566267,170566270,170566633,2,362,34,0.43623048562643174
539,170566286,170566288,170566408,1,120,131,0.6963238839461005
540,170566286,170566295,170566479,1,184,28,0.2051803289133035
541,170566288,170566295,170567018,1,723,25,0.06537517996379383
542,170566311,170566317,170567041,1,724,190,0.16191827266333758
543,170566317,170566320,170566372,2,52,62,0.6817248143314129
544,170566317,170566318,170566328,1,9,17,0.5789556013025939
545,170566318,170566320,170566374,2,54,62,0.24791720935674988
546,170566319,170566332,170566384,2,52,63,0.9367079521275533
547,170566320,170566332,170566383,2,51,61,0.6808644101703737
548,170566321,170566332,170566384,2,52,63,0.4152991427748258
549,170566326,170566326,170567406,1,1080,32,0.0377335592411131
550,170566328,170566332,170567057,1,725,22,0.21571831446630318
551,170566336,170566344,170567069,1,724,27,0.7042459206719305
552,170566344,170578311,170578365,6,54,86,0.19571157195896016
553,170566347,170566347,170566673,1,325,59,0.9360089600650561
554,170566352,170566352,170566531,1,179,21,0.9000851177077119
555,170566364,170566364,170567449,1,1085,25,0.001597948196937371
556,170566365,170566365,170566401,1,36,18,0.6363393296341008
557,170566395,170566395,170566687,8,292,69,0.41314655029538017
558,170566410,170566410,170566700,8,289,32,0.6012482774455676
559,170566413,170566419,170566474,2,54,62,0.44326559032561774
560,170566414,170566419,170566474,2,55,62,0.03219829373050498
561,170566416,170566419,170566474,2,54,67,0.37843156719059323
562,170566417,170566419,170566474,2,54,86,0.1262786952840106
563,170566417,170566417,170566448,1,30,68,0.9967947297407628
564,170566418,170566419,170566474,2,54,78,0.5800894249598211
565,170566441,170566444,170566475,5,31,22,0.03563891850262779
566,170566473,170566475,170566520,1,44,34,0.8757369499535712
567,170566473,170566482,170567462,1,980,23,0.27144699591095167
568,170566479,170566481,170566532,2,50,62,0.14480801262358356
569,170566481,170566481,170566533,2,52,63,0.25981421653285597
570,170566482,170566494,170566545,2,51,63,0.39235447421068004
571,170566483,170566494,170566546,2,51,62,0.0853645888025586
572,170566484,170566494,170566545,2,51,62,0.8696756949751284
573,170566490,170569917,170578500,60,8582,63,0.009820034795437138
574,170566531,170566531,170566960,1,429,491,0.09951293113429416
575,170566533,170566534,170566713,1,179,31,0.8732880100540242
576,170566546,170566556,170566607,2,51,62,0.8033628295949524
577,170566547,170566556,170566608,2,51,62,0.796887050649318
578,170566548,170566569,170566620,2,51,62,0.49989219099522986
579,170566549,170566556,170566607,2,50,62,0.08217044928184225
580,170566549,170566556,170566624,5,67,41,0.11438496941763532
581,170566550,170566556,170566607,2,50,62,0.3198998194195354
582,170566551,170566551,170566566,1,14,18,0.10214338511017607
583,170566570,170566581,170567416,1,834,22,0.3956411012998845
584,170566577,170566577,170566581,1,4,17,0.9165055530254935
585,170566587,170566587,170567953,1,1366,85,0.03692176366642408
586,170566595,170566606,170566969,1,362,28,0.5074805890575638
587,170566610,170566619,170567124,1,505,22,0.7058227711915286
588,170566611,170566611,170566615,1,3,17,0.1859534111129466
589,170566612,170566619,170566669,2,50,62,0.8798010559953728
590,170566614,170566619,170566671,2,52,63,0.7854524707340996
591,170566615,170566619,170566669,2,50,73,0.4943155623885269
592,170566617,170566619,170566671,2,52,62,0.6591121312831185
593,170566619,170566631,170566683,2,52,62,0.3004795549571495
594,170566624,170566631,170567134,1,502,21,0.02768730454594681
595,170566628,170566631,170566692,5,60,21,0.21895477778222894
596,170566629,170566629,170566651,1,21,20,0.4684350472075707
597,170566664,170566669,170567171,1,502,20,0.16383119999901574
598,170566676,170566681,170567182,1,501,22,0.2385954812523735
599,170566676,170566681,170567185,1,503,21,0.8619981322947867
600,170566679,170566679,170566682,1,2,22,0.9414482688445441
601,170566684,170566945,170566962,1,16,22,0.39036072930499066
602,170566692,170566693,170568719,1,2025,31,0.8246465100048861
603,170566693,170566693,170568720,1,2026,33,0.4416049800375098
604,170566703,170566703,170566718,1,15,18,0.8676139895796836
605,170566711,170566719,170566769,2,50,73,0.04066485517162011
606,170566713,170566719,170566770,2,51,62,0.828624154180888
607,170566714,170566719,170566769,2,50,63,0.5119356273713261
608,170566716,170566719,170566770,2,51,62,0.30611151639299417
609,170566717,170566719,170566770,2,51,64,0.4895931884742891
610,170566719,170566719,170567438,1,719,23,0.5389255270834821
611,170566722,170566883,170568910,1,2027,31,0.7309898528101064
612,170566722,170566883,170568911,1,2028,33,0.7481442523633433
613,170566723,170566883,170568909,1,2025,32,0.7066206773461831
614,170566723,170566895,170568916,1,2021,58,0.9903693517914137
615,170566724,170566895,170568918,1,2023,32,0.14632267890338868
616,170566727,170566731,170566773,5,41,34,0.5946820679538307
617,170566729,170566729,170566738,1,9,18,0.9449946614657652
618,170566732,170566732,170567456,1,724,58,0.3579773602847741
619,170566733,170566733,170566745,1,12,30,0.07843391565852076
620,170566763,170566763,170566774,1,11,18,0.6543565516282384
621,170566771,170566782,170566828,5,45,37,0.43966441003246304
622,170566779,170566782,170566834,2,51,73,0.052174817338899504
623,170566781,170566782,170566833,2,50,62,0.1058651401044769
624,170566782,170566782,170566833,2,50,63,0.9404073010908687
625,170566783,170566795,170566850,2,55,62,0.6530547729201912
626,170566784,170566807,170566861,2,53,63,0.26222747198764784
627,170566795,170566795,170566804,1,8,18,0.02075637398052954
628,170566810,170566815,170567538,1,723,356,0.5299472688048091
629,170566830,170566830,170566835,1,4,30,0.570243588021322
630,170566851,170566851,170566867,1,16,20,0.6136925247196056
631,170566851,170566851,170566867,1,15,30,0.709980342247312
632,170566851,170566851,170566867,1,15,30,0.4137524780824343
633,170566851,170566851,170566867,1,15,17,0.10198463416087333
634,170566851,170566869,170566876,1,7,17,0.9838194499160547
635,170566851,170566869,170566879,1,9,30,0.44827316122616323
636,170566851,170566869,170566876,1,7,30,0.5460196200833665
637,170566851,170566869,170566876,1,7,30,0.5751093551695473
638,170566851,170566877,170566885,1,7,20,0.46230326286581247
639,170566851,170566879,170566886,1,7,40,0.49313412321498284
640,170566851,170566887,170566894,1,7,21,0.50056386242526
641,170566851,170566887,170566894,1,7,21,0.33249261474416303
642,170566851,170566887,170566894,1,7,31,0.1966520429427543
643,170566851,170566887,170566894,1,7,30,0.19052401485895842
644,170566851,170566896,170566904,1,8,54,0.4074577563784666
645,170566851,170566895,170566904,1,8,54,0.9449872590494531
646,170566851,170566901,170566909,1,7,21,0.7711258764446549
647,170566851,170566901,170566909,1,8,21,0.5740089937383775
648,170566851,170566905,170566913,1,7,54,0.917822252664822
649,170566851,170566906,170566914,1,8,30,0.5939698004374748
650,170566852,170566910,170566917,1,7,54,0.1765457880505943
651,170566852,170566911,170566918,1,7,21,0.32472225213857886
652,170566852,170566913,170566920,1,7,18,0.8434485794271047
653,170566852,170566915,170566922,1,7,18,0.43651241527664564
654,170566852,170566920,170566928,1,7,18,0.6364769590282622
655,170566852,170566920,170566930,1,9,17,0.8733549247789383
656,170566852,170566922,170566929,1,7,18,0.9001648012701321
657,170566852,170566926,170566935,1,9,17,0.17766017653734034
658,170566852,170566929,170566937,1,7,18,0.35672142047579813
659,170566852,170566930,170566937,1,7,30,0.06755822069438544
660,170566852,170566931,170566938,1,7,17,0.11918287223949897
661,170566852,170566936,170566944,1,7,17,0.42663330880408046
662,170566852,170566938,170566946,1,8,18,0.3654673486693003
663,170566852,170566938,170566946,1,7,63,0.07638918661611815
664,170566852,170566939,170566947,1,7,30,0.29037528462227735
665,170566852,170566945,170566953,1,8,18,0.6631463180154055
666,170566852,170566947,170566955,1,7,25,0.28286713717978285
667,170566852,170566947,170566954,1,7,57,0.2507779739507032
668,170566852,170566948,170566955,1,7,18,0.05317334247117045
669,170566852,170566954,170566962,1,7,18,0.8574603655839917
670,170566852,170566956,170566964,1,8,57,0.7667532727349591
671,170566852,170566956,170566964,1,8,30,0.4381020341017291
672,170566852,170566956,170566964,1,8,45,0.6198670725270545
673,170566852,170566963,170566971,1,8,60,0.9464647985178776
674,170566852,170566965,170566972,1,7,18,0.25018273021673954
675,170566852,170566858,170567222,4,363,33,0.3057973542744371
676,170566852,170566965,170566973,1,8,18,0.1667693022734189
677,170566852,170566858,170567222,4,363,33,0.3013578127616673
678,170566852,170566858,170567222,4,363,34,0.7940349460705574
679,170566852,170566966,170566973,1,7,17,0.7278508682785514
680,170566852,170566858,170567222,4,363,33,0.4386561943887102
681,170566852,170566972,170566979,1,7,45,0.6996791637964918
682,170566852,170566858,170567222,4,363,38,0.7548789234140026
683,170566852,170566974,170566981,1,7,18,0.10813402583812626
684,170566852,170566858,170567222,4,363,65,0.5531662871599574
685,170566852,170566974,170566982,1,7,57,0.22184597114694038
686,170566852,170566858,170567222,4,363,35,0.6145173201363225
687,170566852,170566974,170566982,1,7,30,0.4753241321030809
688,170566852,170566858,170567222,4,363,32,0.48851036808065573
689,170566852,170566980,170566988,1,7,17,0.8836682618442233
690,170566852,170566982,170566990,1,8,75,0.9267778929245531
691,170566853,170566983,170566991,1,7,30,0.053217928615886034
692,170566853,170566983,170566991,1,7,23,0.9209327999725019
693,170566853,170566992,170567000,1,8,41,0.9539835830386045
694,170566853,170566992,170566999,1,7,17,0.777748843876223
695,170566853,170566992,170566999,1,7,17,0.35740066258798664
696,170566853,170566993,170567000,1,7,23,0.4365728618080271
697,170566853,170567001,170567008,1,7,30,0.9546973676246401
698,170566853,170567001,170567009,1,7,17,0.6672212410794797
699,170566853,170567001,170567009,1,7,17,0.38957438209720596
700,170566853,170567002,170567009,1,7,23,0.5024583135705142
701,170566858,170566870,170566898,5,27,24,0.7748104108211746
702,170566858,170567352,170567715,4,362,36,0.8622166668820223
703,170566858,170567352,170567715,4,362,36,0.41009958369787936
704,170566858,170567223,170567586,4,362,32,0.5691546676213365
705,170566858,170567352,170567715,4,362,36,0.8246313737552133
706,170566858,170567352,170567715,4,363,36,0.10420091382047725
707,170566858,170567352,170567715,4,362,39,0.3708954114567118
708,170566858,170567352,170567715,4,362,36,0.941525768774432
709,170566858,170567352,170567715,4,362,35,0.13489970590562506
710,170566868,170566869,170566873,1,4,20,0.7344194607972218
711,170566877,170566883,170566936,2,52,64,0.6832580144449318
712,170566879,170566883,170566934,2,51,73,0.6904288528861917
713,170566880,170566883,170566933,2,50,62,0.9153105832631693
714,170566881,170566883,170566934,2,50,62,0.18184385335327247
715,170566882,170566883,170566933,2,50,62,0.5259557809872225
716,170566895,170566896,170566900,3,3,31,0.3408091770913836
717,170566920,170566945,170568353,3,1407,87,0.023431612305054417
718,170566920,170566933,170567018,5,85,26,0.6480558079452936
719,170566943,170566945,170566997,2,51,73,0.19527459278047743
720,170566949,170566949,170566952,1,3,18,0.06710813756339917
721,170566953,170566953,170567260,1,307,19,0.9036122902802664
722,170566958,170566958,170567393,1,434,19,0.04095405028712773
723,170566958,170567405,170569576,1,2170,33,0.9317081601186066
724,170566958,170569904,170572080,1,2175,21,0.41082823779411604
725,170566958,170573091,170575264,1,2173,19,0.007260451050111638
726,170566959,170577135,170579309,1,2173,19,0.1445344150315684
727,170566959,170579310,170581480,1,2169,18,0.4519971465380538
728,170566959,170566959,170567393,1,434,18,0.7324973345054621
729,170566959,170567431,170569601,1,2170,18,0.8346289802499267
730,170566959,170569917,170572096,1,2179,20,0.6521947034378381
731,170566959,170573091,170575262,1,2171,57,0.42465872635684687
732,170566959,170577135,170579308,1,2173,41,0.32750056963527296
733,170566959,170579310,170581480,1,2169,18,0.11536195132821092
734,170566959,170566959,170567394,1,435,31,0.29571227095455876
735,170566959,170567431,170569602,1,2170,18,0.6390728577272968
736,170566959,170569917,170572091,1,2173,19,0.40403596261189845
737,170566959,170573103,170575274,1,2171,19,0.05994374601484043
738,170566959,170577184,170579355,1,2171,19,0.5418964944112131
739,170566959,170579357,170581531,1,2174,23,0.4328424931324052
740,170566959,170566959,170567379,1,419,19,0.936070641723244
741,170566959,170567391,170569516,1,2125,486,0.015839618596860672
742,170566959,170569917,170572041,1,2124,28,0.5329885363711566
743,170566959,170573053,170575182,1,2128,18,0.21757770337353866
744,170566959,170577050,170579176,1,2126,18,0.22492056302305075
745,170566959,170579195,170581323,1,2127,22,0.342283203845018
746,170566959,170566960,170567379,1,419,18,0.8571134455310364
747,170566959,170567391,170569520,1,2128,24,0.9487481251818674
748,170566959,170569917,170572047,1,2129,91,0.7579617032088374
749,170566959,170573053,170575177,1,2123,18,0.9849035051050125
750,170566959,170577012,170579137,1,2124,18,0.07111507984372734
751,170566959,170579160,170581285,1,2125,23,0.25027404760907346
752,170566959,170566960,170567381,1,421,19,0.6488941466322067
753,170566959,170567391,170569516,1,2124,19,0.4190532280075001
754,170566959,170569917,170572045,1,2127,95,0.7729192853818846
755,170566959,170573053,170575176,1,2122,20,0.7057435071239669
756,170566959,170577025,170579153,1,2127,44,0.6226843379010747
757,170566959,170579195,170581321,1,2126,22,0.7149607034630279
758,170566959,170566960,170567372,1,411,18,0.23789743604474745
759,170566959,170567378,170569483,1,2104,24,0.8542634909463426
760,170566960,170569892,170571981,1,2089,19,0.9490291385425457
761,170566960,170573053,170575141,1,2088,36,0.9896586502510926
762,170566960,170577012,170579106,1,2093,18,0.5092061492828577
763,170566960,170579156,170581249,1,2093,20,0.33837874917177
764,170566960,170566960,170567373,1,413,18,0.9653374941271389
765,170566960,170567378,170569476,1,2098,19,0.19391154590937676
766,170566960,170569892,170571981,1,2089,20,0.13272400731663636
767,170566960,170573053,170575134,1,2080,19,0.24291184429830592
768,170566960,170576976,170579063,1,2087,19,0.009972899851905637
769,170566960,170579065,170581153,1,2088,19,0.3204048964161643
770,170566960,170566960,170567373,1,412,20,0.6684073224221162
771,170566960,170567378,170569482,1,2103,19,0.9255168933742868
772,170566960,170569892,170571979,1,2086,18,0.20747951673429654
773,170566960,170573041,170575129,1,2088,17,0.5057533307032228
774,170566960,170576915,170578998,1,2082,19,0.5709317752359191
775,170566960,170578999,170581086,1,2086,19,0.5748048476651381
776,170566960,170566960,170567392,1,432,33,0.42044637432379883
777,170566960,170567431,170569574,1,2143,19,0.6466023805319265
778,170566960,170569917,170572063,1,2146,21,0.758028775645818
779,170566960,170573078,170575225,1,2147,18,0.42193005025269703
780,170566960,170577123,170579268,1,2145,19,0.41829105413427214
781,170566960,170579270,170581415,1,2145,21,0.001653176144413182
782,170566960,170566960,170567393,1,432,18,0.7418807437687912
783,170566960,170567431,170569577,1,2146,40,0.979324944218869
784,170566960,170569904,170572049,1,2144,20,0.8530908616474198
785,170566960,170573053,170575197,1,2144,19,0.5886042453311935
786,170566960,170577111,170579251,1,2140,19,0.13879156854884955
787,170566960,170579254,170581400,1,2146,18,0.6031271296475997
788,170566960,170566961,170567394,1,432,21,0.8983928444511194
789,170566960,170567431,170569579,1,2148,56,0.654342879619704
790,170566960,170569917,170572062,1,2144,25,0.7312175427652211
791,170566960,170573065,170575215,1,2149,43,0.9855059023690655
792,170566960,170577123,170579267,1,2144,21,0.886671344912504
793,170566960,170579269,170581415,1,2145,17,0.04082997804695865
794,170566961,170566961,170567392,1,430,19,0.017650147779658565
795,170566961,170567431,170569570,1,2138,19,0.37106622710229253
796,170566961,170569904,170572040,1,2136,23,0.13406685379489047
797,170566961,170573053,170575186,1,2133,19,0.3672080058921986
798,170566961,170577062,170579194,1,2132,30,0.7670018870894896
799,170566961,170579196,170581326,1,2130,30,0.43213071166990347
800,170566961,170566961,170567392,1,430,40,0.31116596842344113
801,170566961,170567431,170569571,1,2139,21,0.16865318210037739
802,170566961,170569917,170572050,1,2133,19,0.17799331746753932
803,170566961,170573053,170575189,1,2135,18,0.44368803660309875
804,170566961,170577074,170579210,1,2136,41,0.309958858390354
805,170566961,170579212,170581347,1,2134,41,0.36592040565518336
806,170566961,170566961,170567393,1,431,55,0.3442302280952948
807,170566961,170567431,170569568,1,2137,20,0.20689578775121586
808,170566961,170569904,170572046,1,2141,19,0.3240016512409578
809,170566961,170573053,170575187,1,2134,21,0.6383495494203134
810,170566961,170577111,170579250,1,2139,17,0.037057861308458784
811,170566961,170579252,170581381,1,2129,41,0.9884725727735011
812,170566961,170566961,170567383,1,422,24,0.31906501214576355
813,170566961,170567391,170569519,1,2127,20,0.6122144678873531
814,170566961,170569917,170572046,1,2128,23,0.4109646190664552
815,170566961,170573053,170575175,1,2122,18,0.4071502535122965
816,170566961,170577012,170579136,1,2124,19,0.7270318559580797
817,170566961,170579162,170581282,1,2119,20,0.5817201183014437
818,170566961,170566961,170567381,1,419,18,0.09461357502424206
819,170566961,170567391,170569513,1,2121,18,0.8235964237045775
820,170566961,170569892,170572018,1,2126,19,0.8306846483662121
821,170566961,170573053,170575170,1,2117,19,0.05590711784868896
822,170566961,170577012,170579139,1,2126,20,0.5161658561105069
823,170566961,170579195,170581312,1,2116,23,0.042369642164813426
824,170566961,170566963,170567384,1,421,490,0.41734247046963135
825,170566961,170567391,170569516,1,2124,25,0.7397689434266835
826,170566961,170569917,170572046,1,2129,94,0.10672512616013707
827,170566961,170573053,170575178,1,2124,18,0.8313574916177929
828,170566962,170577038,170579158,1,2120,23,0.7770000462666417
829,170566962,170579195,170581320,1,2124,22,0.7775918451255961
830,170566977,170566977,170567114,1,136,18,0.6086362448045513
831,170567001,170567003,170567006,1,2,41,0.7619251750615811
832,170567008,170567008,170567012,1,3,41,0.24112373072078175
833,170567011,170567011,170567046,1,34,23,0.8173513011768553
834,170567015,170567015,170567021,1,6,18,0.16063989247033417
835,170567018,170567019,170567743,1,724,31,0.6542715633046335
836,170567021,170567210,170571246,1,4036,41,0.5220357364013354
837,170567029,170567032,170567080,16,48,68,0.8259705992506396
838,170567047,170567047,170567710,1,662,36,0.1877798567640786
839,170567050,170567050,170567225,1,174,19,0.0038647371039135514
840,170567054,170567055,170567059,1,3,17,0.9556463540298799
841,170567054,170567056,170567062,1,5,18,0.1327767107684139
842,170567057,170567082,170567806,1,724,22,0.5614488795063795
843,170567057,170567057,170567340,64,282,74,0.8464730026431166
844,170567061,170567199,170569363,64,2163,96,0.5308799924223738
845,170567064,170567064,170567072,1,7,51,0.12980280932424515
846,170567064,170567064,170567072,1,7,17,0.04417822996354859
847,170567064,170567064,170567072,1,7,18,0.5172568331728044
848,170567064,170567073,170567083,1,10,17,0.7250803370641952
849,170567064,170567074,170567081,1,7,18,0.3752486585124617
850,170567064,170567074,170567081,1,7,51,0.4758789859357043
851,170567064,170567083,170567090,1,7,17,0.024739849676022607
852,170567064,170567083,170567090,1,7,45,0.5292516056786687
853,170567064,170567085,170567092,1,7,18,0.04291148837289405
854,170567064,170567091,170567098,1,7,18,0.44243223127927467
855,170567064,170567091,170567099,1,7,18,0.2696010904589846
856,170567064,170567092,170567100,1,7,18,0.7754733493474891
857,170567064,170567100,170567108,1,7,18,0.7848982727732218
858,170567064,170567100,170567108,1,7,18,0.3671904704921789
859,170567064,170567100,170567108,1,7,17,0.8457223046706425
860,170567069,170567133,170567858,1,724,27,0.1590031840779228
861,170567080,170567082,170567201,1,118,37,0.888872663776753
862,170567087,170567095,170567112,5,16,20,0.8325211891705033
863,170567094,170567287,170575163,1,7875,47,0.3370652141611512
864,170567095,170567287,170573484,1,6196,47,0.9647274913452866
865,170567109,170569393,170569588,2,195,88,0.5332472356059588
866,170567120,170567133,170567172,5,38,25,0.8122580745363187
867,170567124,170567146,170567646,1,499,21,0.41229505564950175
868,170567125,170567125,170567134,1,8,17,0.5036155496722263
869,170567125,170567125,170567134,1,8,18,0.1495739717076322
870,170567125,170567126,170567134,1,8,18,0.34674688555215505
871,170567125,170567134,170567144,1,9,18,0.49380114506001505
872,170567126,170567136,170567143,1,7,18,0.34361145371740187
873,170567126,170567136,170567143,1,7,18,0.23148154083485406
874,170567126,170567145,170567153,1,8,17,0.07775945127682271
875,170567126,170567145,170567153,1,8,18,0.1360374513828655
876,170567126,170567145,170567153,1,8,17,0.3732210969206269
877,170567126,170567155,170567163,1,8,17,0.8682562530101259
878,170567126,170567155,170567163,1,8,17,0.5904944237582406
879,170567126,170567155,170567163,1,8,17,0.12071733012042052
880,170567126,170567165,170567173,1,7,17,0.42757643846874505
881,170567126,170567165,170567174,1,8,18,0.8371114439288275
882,170567126,170567165,170567173,1,7,17,0.057849036395776876
883,170567126,170567174,170567182,1,7,17,0.9047513017591625
884,170567126,170567174,170567183,1,8,17,0.47598845986197125
885,170567126,170567174,170567182,1,7,17,0.33967443616483706
886,170567126,170567184,170567191,1,7,17,0.5791452935102309
887,170567126,170567184,170567191,1,7,17,0.01261576125555075
888,170567126,170567184,170567192,1,7,19,0.3491996418820781
889,170567126,170567193,170567200,1,7,18,0.9442900993400141
890,170567126,170567194,170567201,1,7,19,0.7044275706169583
891,170567126,170567198,170567205,1,7,18,0.6777115095732247
892,170567126,170567203,170567210,1,7,18,0.1765387408106588
893,170567126,170567207,170567215,1,7,18,0.965250583344382
894,170567126,170567207,170567215,1,7,42,0.396585552223803
895,170567126,170567212,170567220,1,7,18,0.24168255650723747
896,170567126,170567216,170567226,1,10,111,0.9213724536301845
897,170567126,170567216,170567224,1,7,50,0.7469059514284673
898,170567126,170567223,170567231,1,8,19,0.3243412177116114
899,170567126,170567225,170567234,1,8,17,0.11536199296789051
900,170567126,170567228,170567236,1,8,36,0.8023729019998848
901,170567126,170567231,170567241,1,10,18,0.7991765148499418
902,170567126,170567233,170567240,1,7,18,0.777686944858281
903,170567126,170567239,170567247,1,7,17,0.7343534767267973
904,170567127,170567239,170567247,1,7,35,0.10018145795019129
905,170567127,170567242,170567250,1,7,18,0.7949217825973028
906,170567127,170567243,170567251,1,7,18,0.45617092022533223
907,170567127,170567252,170567261,1,8,17,0.8717338481578646
908,170567127,170567256,170567266,1,9,18,0.31150082450678884
909,170567127,170567272,170567280,1,8,18,0.7307427157648675
910,170567127,170567273,170567283,1,9,88,0.0006992137370029905
911,170567127,170567273,170567283,1,10,117,0.46989708620307324
912,170567127,170567284,170567292,1,8,17,0.2602442192373091
913,170567127,170567284,170567292,1,7,36,0.05412660280825665
914,170567127,170567284,170567292,1,7,66,0.8538955907350327
915,170567127,170567287,170567296,1,8,53,0.6190576101880427
916,170567127,170567294,170567302,1,8,18,0.3901287796719103
917,170567127,170567294,170567301,1,7,19,0.41305305951113025
918,170567127,170567294,170567301,1,7,19,0.9201481503964744
919,170567127,170567304,170567311,1,7,18,0.25829218631690276
920,170567127,170567329,170567337,1,7,18,0.7840396836862068
921,170567127,170567330,170567340,1,10,18,0.36346945359227434
922,170567127,170567383,170567391,1,7,34,0.2630166258729556
923,170567127,170567394,170567403,1,8,34,0.9658038023467882
924,170567127,170567398,170567407,1,8,18,0.5113439778019785
925,170567127,170567405,170567413,1,7,18,0.35678385982453475
926,170567127,170567408,170567416,1,7,18,0.465312523347309
927,170567127,170567413,170567423,1,10,17,0.1745265863880784
928,170567127,170567414,170567422,1,7,83,0.6960242651904041
929,170567127,170567418,170567426,1,7,37,0.8503313475288512
930,170567127,170567425,170567432,1,7,17,0.903856157379771
931,170567127,170567425,170567432,1,7,18,0.5980454721257401
932,170567127,170567434,170567441,1,7,18,0.5447155806910854
933,170567134,170567184,170567685,1,500,21,0.04500745068123835
934,170567149,170567149,170567160,1,11,18,0.7988128870933936
935,170567162,170568090,170568206,1,116,25,0.37781344332644884
936,170567171,170567184,170567687,1,502,21,0.04450043639823209
937,170567174,170567174,170567190,1,15,18,0.09907288178126938
938,170567178,170567184,170567226,5,41,23,0.5717229458558803
939,170567182,170567184,170567685,1,500,21,0.3203581185795289
940,170567185,170567210,170567713,1,502,22,0.45804189379349713
941,170567188,170567190,170567211,2,21,111,0.49818299866779914
942,170567205,170567223,170567706,1,482,19,0.9899058960950016
943,170567205,170567223,170567706,1,482,17,0.9142792174067974
944,170567212,170567223,170567276,2,53,59,0.5823573295589979
945,170567232,170567294,170567301,1,7,52,0.8135627577013256
946,170567245,170567251,170567270,2,18,117,0.026850613862449912
947,170567247,170567287,170567304,5,16,23,0.7369598684889322
948,170567260,170567268,170567283,2,14,18,0.08444627507319802
949,170567264,170569879,170569926,4,46,42,0.8757331569407749
2190,170567264,170569829,170569878,4,48,24,0.7025678126422187
2193,170567264,170569841,170569888,4,46,27,0.7959145073754081
2198,170567264,170569854,170578318,4,8463,26,0.3296384101613301
2199,170567264,170569854,170578318,4,8463,39,0.8601937963368699
950,170567275,170575455,170575785,256,329,382,0.3285810048813209
951,170567275,170575787,170576116,256,328,381,0.1968459170091843
952,170567275,170576119,170576447,256,327,381,0.10180827840603357
953,170567276,170576449,170576777,256,327,382,0.627844661529297
954,170567276,170576779,170577105,256,326,382,0.16366195445288056
955,170567277,170576942,170577115,256,172,473,0.5310753515311272
956,170567277,170577107,170577277,256,169,381,0.182046028503845
957,170567277,170577119,170577290,256,171,473,0.7217659678694488
958,170567277,170577279,170577448,256,168,382,0.3895814221179569
959,170567277,170577294,170577464,256,169,473,0.5287417051515768
960,170567282,170567352,170567687,8,334,23,0.9480000080768325
961,170567295,170567297,170567300,1,2,18,0.20598111107794148
962,170567296,170567303,170567323,2,19,131,0.42839692258959494
963,170567302,170567303,170567334,2,31,52,0.04129323132922569
964,170567308,170567313,170567321,1,7,18,0.1436370723962661
965,170567314,170567326,170567363,5,37,31,0.4624225876192053
966,170567315,170567468,170567832,1,364,17,0.33151372247030575
967,170567319,170567321,170567327,1,6,18,0.30814842011010035
968,170567331,170567339,170567392,2,53,72,0.18105568955699092
969,170567331,170567342,170567508,2,166,232,0.547507883421369
970,170567335,170567336,170567361,2,24,18,0.14406021122926782
971,170567346,170567733,170569897,64,2164,68,0.4823488673517615
972,170567348,170567364,170567411,1,47,33,0.3594560301384532
973,170567351,170567854,170568038,4,184,148,0.25389238462834063
974,170567351,170568311,170568352,4,41,129,0.31400770923147314
975,170567361,170567362,170567382,2,19,18,0.31907643299599586
976,170567388,170567390,170567396,1,6,18,0.9009219924601118
977,170567406,170567418,170567574,5,156,49,0.1897547734082352
978,170567419,170569467,170569501,1,33,58,0.9084266371968315
979,170567425,170567428,170567459,1,31,37,0.1319271059444952
980,170567433,170567434,170567467,1,32,19,0.5194580832910332
981,170567435,170567440,170567531,1,91,23,0.8054658595064834
982,170567445,170567449,170567466,1,17,17,0.5117418506324077
983,170567446,170567457,170567484,2,27,25,0.4981683054855438
984,170567448,170569930,170569951,32,20,423,0.13332015764630456
985,170567457,170567470,170567511,1,41,30,0.7595757016561039
986,170567460,170567470,170567535,1,64,28,0.5903270341739912
987,170567463,170567464,170567470,1,5,18,0.7995490256033677
988,170567477,170567477,170567481,1,3,17,0.9708642629786361
989,170567479,170567482,170567491,1,8,17,0.13519952333324592
990,170567479,170567515,170567523,1,7,18,0.6859203723266581
991,170567479,170567533,170567543,1,10,17,0.1642189432471287
992,170567479,170567533,170567541,1,8,19,0.39148275778720687
993,170567479,170567539,170567549,1,9,18,0.13775694567552577
994,170567479,170567539,170567549,1,9,18,0.43087629028550933
995,170567479,170567545,170567552,1,7,53,0.12117108155334
996,170567479,170567550,170567558,1,7,18,0.028166327686624526
997,170567479,170567551,170567558,1,7,18,0.27831661398373997
998,170567479,170567554,170567562,1,7,53,0.7912184373925932
999,170567480,170567560,170567568,1,7,19,0.9182044790181084
1000,170567480,170567565,170567572,1,7,29,0.7052521201055645
1001,170567480,170567565,170567572,1,7,17,0.6916076165842554
1002,170567480,170567569,170567576,1,7,42,0.7377410265217107
1003,170567480,170567569,170567577,1,7,63,0.7791586635170498
1004,170567480,170567575,170567582,1,7,18,0.8557285832025335
1005,170567480,170567575,170567582,1,7,20,0.6971288161499196
1006,170567480,170567578,170567586,1,7,42,0.9604712021747618
1007,170567480,170567579,170567586,1,7,63,0.2574509965467292
1008,170567480,170567584,170567592,1,8,20,0.18920892083765828
1009,170567480,170567584,170567592,1,8,18,0.8528828968314226
1010,170567480,170567588,170567596,1,8,18,0.2596696813828233
1011,170567480,170567594,170567602,1,7,43,0.9243416828597162
1012,170567480,170567594,170567602,1,7,18,0.29939160172582746
1013,170567480,170567595,170567603,1,8,17,0.00585594041235693
1014,170567480,170567598,170567606,1,8,24,0.8850081174672368
1015,170567480,170567604,170567612,1,8,40,0.29749326048213953
1016,170567481,170567604,170567612,1,8,41,0.7392013425520376
1017,170567481,170567605,170567613,1,8,84,0.3928310210736844
1018,170567481,170567608,170567616,1,8,18,0.39398629621972014
1019,170567481,170567614,170567622,1,7,40,0.6416529916961483
1020,170567481,170567614,170567622,1,7,41,0.47368353586074374
1021,170567481,170567615,170567622,1,7,84,0.28520126467901585
1022,170567481,170567617,170567625,1,7,56,0.39510305419692093
1023,170567481,170567624,170567632,1,8,23,0.4518836160851285
1024,170567481,170567627,170567636,1,8,66,0.6409944017985255
1025,170567481,170567634,170567642,1,8,17,0.21948687970194136
1026,170567481,170567637,170567646,1,8,66,0.5635770051272935
1027,170567481,170567644,170567651,1,7,17,0.2969994915420838
1028,170567481,170567647,170567655,1,7,18,0.575248121829581
1029,170567481,170567653,170567661,1,7,53,0.6140130735199111
1030,170567481,170567653,170567661,1,8,58,0.059219395166486444
1031,170567481,170567653,170567661,1,8,56,0.7046621834826857
1032,170567481,170567656,170567664,1,7,18,0.10243799188093272
1033,170567481,170567662,170567670,1,7,18,0.048383130348191195
1034,170567481,170567663,170567671,1,7,58,0.43694091411661895
1035,170567481,170567663,170567671,1,7,56,0.8418437197354853
1036,170567481,170567666,170567673,1,7,57,0.9607365893175159
1037,170567481,170567675,170567685,1,10,63,0.6579725169988614
1038,170567481,170567675,170567683,1,7,57,0.0912056978243686
1039,170567481,170567675,170567683,1,7,18,0.17084310759922738
1040,170567481,170567687,170567695,1,7,63,0.27701141950411257
1041,170567481,170567689,170567697,1,7,18,0.0010592486365504916
1042,170567482,170567689,170567697,1,7,17,0.9320464826129332
1043,170567482,170567698,170567706,1,7,18,0.6128083234420008
1044,170567482,170567702,170567716,1,14,17,0.3785914242303785
1045,170567482,170567702,170567716,1,14,17,0.4456020950836652
1046,170567482,170567708,170567717,1,9,17,0.00381535742574568
1047,170567482,170567708,170567715,1,7,18,0.22258227385153062
1048,170567482,170567717,170567725,1,7,18,0.5667295446163997
1049,170567482,170567717,170567726,1,9,43,0.08750520994902555
1050,170567482,170567717,170567727,1,9,30,0.25161181885765926
1051,170567482,170567719,170567726,1,7,31,0.9629711031230449
1052,170567482,170567726,170567736,1,9,17,0.7816958690900694
1053,170567482,170567727,170567735,1,7,18,0.21257349124730385
1054,170567486,170567488,170567530,1,42,18,0.4694810514496096
1055,170567486,170567510,170567538,1,28,230,0.9895421399490016
1056,170567492,170567492,170567509,1,16,18,0.07123916029780453
1057,170567500,170567668,170567673,1,5,17,0.1996621410316186
1058,170567503,170567510,170567531,1,21,229,0.4039997933542231
1059,170567510,170568284,170570679,1,2395,32,0.997949399702329
1060,170567510,170568284,170570673,1,2389,28,0.9673904541748939
1061,170567510,170568284,170570677,1,2392,28,0.9811531678112565
1062,170567510,170568284,170570674,1,2390,32,0.7988769931619771
1063,170567510,170568612,170571013,1,2401,31,0.07385858890906571
1064,170567510,170568284,170570675,1,2390,29,0.6654889558450596
1065,170567510,170568284,170570682,1,2397,31,0.645120061603641
1066,170567510,170568284,170570664,1,2379,28,0.5289774011337921
1067,170567510,170568284,170570676,1,2391,30,0.2131118702081357
1068,170567510,170568599,170570982,1,2382,29,0.14615043834452435
1069,170567510,170568599,170570983,1,2384,42,0.09451498635435429
1070,170567510,170568612,170570997,1,2385,28,0.195294582540524
1071,170567510,170568624,170571008,1,2383,29,0.08488875099234605
1072,170567510,170568624,170571005,1,2380,28,0.16238256440364918
1073,170567510,170568624,170571005,1,2380,29,0.6391519075337445
1074,170567510,170568624,170571010,1,2385,28,0.34609316262799883
1075,170567511,170567548,170567625,1,77,18,0.31225387138409455
1076,170567521,170567525,170567593,1,68,18,0.6321031975573849
1077,170567523,170567532,170567666,1,134,25,0.5369687906511178
1078,170567525,170569393,170569605,1,212,52,0.5817998038039303
1079,170567526,170569406,170569612,1,206,47,0.1624049158331281
1080,170567533,170568651,170571525,1,2873,33,0.8101077788010637
1081,170567533,170568651,170571525,1,2874,33,0.5512322760677566
1082,170567533,170568651,170571525,1,2873,28,0.6745227599711752
1083,170567533,170568651,170571525,1,2873,28,0.8856854954693042
1084,170567533,170568651,170571525,1,2874,28,0.3238415717929486
1085,170567533,170568651,170571525,1,2873,33,0.9944384097343898
1086,170567533,170568651,170571525,1,2874,28,0.11441051509562583
1087,170567533,170568664,170571525,1,2861,38,0.5685234728017777
1088,170567540,170567544,170567563,1,18,18,0.3840737968564222
1089,170567541,170568128,170569235,1,1106,32,0.11752243349292169
1090,170567543,170567547,170567610,2,62,31,0.20472474279590802
1091,170567552,170567561,170569005,1,1443,43,0.2959251791466859
1092,170567552,170567560,170567563,1,2,30,0.3082495363455736
1093,170567553,170567561,170569005,1,1443,43,0.7427437314733996
1094,170567559,170567560,170567566,1,6,18,0.9830971635248825
1095,170567573,170567574,170567588,4,14,45,0.7090294760083028
1096,170567584,170567587,170567886,1,299,37,0.66090528551508
1097,170567592,170568128,170572452,1,4323,88,0.8098683525505571
1098,170567605,170569393,170577951,1,8557,31,0.9275925389675188
1099,170567615,170567721,170568086,4,364,41,0.02082635002750466
1100,170567615,170567734,170568098,4,363,37,0.25119840686494854
1101,170567615,170567628,170567992,4,364,54,0.06018301583302432
1102,170567615,170567734,170568098,4,363,37,0.9959928049090685
1103,170567615,170567734,170568098,4,363,48,0.8093159338446358
1104,170567615,170567747,170568110,4,362,34,0.3716793909089323
1105,170567615,170567747,170568110,4,362,37,0.5051234497032895
1106,170567615,170567880,170568242,4,362,32,0.3251168808477204
1107,170567620,170567624,170567651,2,27,37,0.11597373611516804
1108,170567644,170567653,170567724,2,71,48,0.7237511231047137
1109,170567646,170567654,170568161,1,507,21,0.6559990004404609
1110,170567647,170567813,170567865,5,51,25,0.7303860991982865
1111,170567650,170567654,170567874,1,220,46,0.8659544193268879
1112,170567670,170567672,170567679,2,6,19,0.12567072725673423
1113,170567679,170567684,170567693,2,8,19,0.0646841537274242
1114,170567681,170569376,170569381,1,5,22,0.6200735759463772
1115,170567685,170567694,170568198,1,504,21,0.6706538482985691
1116,170567685,170567694,170568198,1,504,37,0.4356987309326502
1117,170567687,170567694,170568198,1,504,21,0.12941767065422705
1118,170567688,170567695,170567737,1,42,19,0.06594388236243054
1119,170567689,170569394,170576485,16,7091,34,0.5685495619039221
1120,170567693,170567698,170567722,2,23,112,0.710773791635802
1121,170567704,170567707,170567720,4,13,24,0.18289600186115706
1122,170567712,170567720,170567937,1,216,44,0.3878879789506946
1123,170567713,170567720,170568231,1,510,20,0.17118020072539486
1124,170567718,170567734,170567984,2,250,90,0.6907401129787039
1125,170567719,170569917,170578380,4,8463,26,0.7888936422986743
1126,170567721,170664346,170665427,512,1080,477,0.23515436380361943
1127,170567728,170567734,170567738,4,4,19,0.10326274250905743
1128,170567738,170567738,170568424,1,685,24,0.4540923532972241
1129,170567738,170567738,170567751,1,12,17,0.2564768460498128
1130,170567743,170567746,170568471,1,725,38,0.4458744676758363
1131,170567749,170567854,170568184,1,330,19,0.6686267194907906
1132,170567754,170567853,170567867,4,13,17,0.39797190375882474
1133,170567770,170567770,170567786,1,15,18,0.6985604716840419
1134,170567778,170567785,170567970,1,184,53,0.6170352731737386
1135,170567789,170567854,170568184,1,330,19,0.4126709158741838
1136,170567806,170567853,170568577,1,723,25,0.2329201790953227
1137,170567809,170567867,170568191,1,324,20,0.5054066732050574
1138,170567829,170569393,170569404,1,10,85,0.253442091342994
1139,170567829,170569955,170578599,16,8643,28,0.300259577805741
1140,170567848,170567849,170567866,1,17,26,0.3338392502186488
1141,170567858,170567866,170568592,1,725,24,0.9200697520570219
1142,170567858,170567866,170567923,2,57,76,0.2525580463020648
1143,170567867,170567919,170568281,8,362,120,0.034669872962308834
1144,170567868,170568285,170568648,8,363,29,0.02746412851542357
1145,170567871,170567879,170567885,1,5,18,0.6284070185344909
1146,170567875,170567875,170567914,1,38,21,0.5935009031012277
1147,170567894,170568284,170568516,5,232,25,0.7447389133533411
1148,170567899,170567919,170567928,4,9,30,0.08891028833688697
1149,170567900,170567900,170567932,3,32,30,0.5743738666298351
1150,170567914,170568128,170568286,1,157,50,0.9755953299898176
1151,170567922,170567922,170567948,1,25,28,0.38276528695664935
1152,170567925,170567925,170567934,1,8,18,0.8018091141970518
1153,170567925,170567925,170567934,1,8,30,0.0037985271056725223
1154,170567925,170567925,170567934,1,8,17,0.3071637847666805
1155,170567925,170567935,170567944,1,8,30,0.07946559078500415
1156,170567925,170567935,170567944,1,9,27,0.5030323603370447
1157,170567925,170567935,170567947,1,12,46,0.26850655416388614
1158,170567925,170567949,170567957,1,7,18,0.4129825754546793
1159,170567925,170567955,170567963,1,7,18,0.9940559747937893
1160,170567925,170567945,170567953,1,8,18,0.1983607254342855
1161,170567925,170567955,170567963,1,8,17,0.6679023104919919
1162,170567925,170567964,170567972,1,7,50,0.6424126723484301
1163,170567925,170567958,170567966,1,7,31,0.9113898409318527
1164,170567925,170567964,170567972,1,7,18,0.24753726692145617
1165,170567926,170567967,170567976,1,9,17,0.23042071697579813
1166,170567926,170567973,170567981,1,7,65,0.14261395315010206
1167,170567926,170567973,170567981,1,8,17,0.148572997489832
1168,170567926,170567978,170567986,1,7,17,0.28847815638663044
1169,170567926,170567982,170567990,1,7,17,0.7628915805215261
1170,170567926,170567982,170567990,1,7,18,0.6706653024250757
1171,170567926,170567987,170567995,1,7,18,0.8611056627209583
1172,170567926,170567992,170567999,1,7,18,0.02611156673830939
1173,170567926,170567992,170567999,1,7,30,0.4541920843958269
1174,170567926,170567996,170568004,1,7,17,0.777315295561331
1175,170567926,170568001,170568009,1,7,18,0.2851706619176474
1176,170567926,170568001,170568009,1,7,41,0.3473228111923842
1177,170567926,170568005,170568013,1,7,17,0.43623577142681524
1178,170567926,170568010,170568020,1,10,37,0.11586182842619519
1179,170567926,170568010,170568018,1,8,18,0.6140425945094884
1180,170567926,170568015,170568023,1,8,18,0.4561409694108661
1181,170567926,170568021,170568029,1,7,78,0.577264802696431
1182,170567926,170568021,170568029,1,7,18,0.5437075780737542
1183,170567926,170568025,170568032,1,7,32,0.8656772923262566
1184,170567926,170568030,170568038,1,8,76,0.30975186434329627
1185,170567926,170568030,170568038,1,8,87,0.1043600221906762
1186,170567926,170568033,170568041,1,7,32,0.054917127196584925
1187,170567926,170568040,170568048,1,7,76,0.527564746038155
1188,170567926,170568040,170568047,1,7,87,0.5750238906765247
1189,170567926,170568049,170568057,1,7,31,0.7183354779232083
1190,170567926,170568049,170568057,1,7,31,0.7299589692896273
1191,170567926,170568049,170568057,1,8,17,0.42849975600362034
1192,170567926,170568058,170568066,1,7,17,0.6766408781377362
1193,170567926,170568058,170568066,1,7,31,0.5391367330769969
1194,170567926,170568058,170568066,1,7,25,0.27632877170373993
1195,170567927,170568067,170568075,1,8,31,0.6304983695271739
1196,170567927,170568067,170568075,1,7,17,0.8731280331624192
1197,170567927,170568068,170568075,1,7,32,0.6120058099893264
1198,170567927,170568077,170568084,1,7,52,0.5191537724908315
1199,170567927,170568086,170568094,1,7,28,0.4672365336669603
1200,170567927,170568086,170568094,1,7,29,0.0971775400656254
1201,170567927,170568077,170568084,1,7,18,0.8630583446838735
1202,170567927,170568077,170568084,1,7,17,0.8940273548523701
1203,170567927,170568086,170568094,1,7,25,0.3629029406524328
1204,170567927,170568105,170568114,1,9,18,0.32362725693964167
1205,170567927,170568105,170568114,1,9,18,0.5066702174408906
1206,170567927,170568106,170568115,1,8,17,0.8132462916583568
1207,170567927,170568115,170568123,1,7,79,0.5270848435407874
1208,170567927,170568115,170568123,1,7,77,0.6176818530352003
1209,170567927,170568116,170568124,1,8,44,0.7917688980302386
1210,170567927,170568133,170568143,1,10,18,0.5225112087218751
1211,170567927,170568145,170568155,1,10,17,0.8608437177695832
1212,170567939,170567944,170569384,1,1439,90,0.5155984755976074
1213,170567949,170567950,170568008,1,58,121,0.9966101735802554
1214,170567957,170567971,170568613,1,641,46,0.12297916540192777
1215,170567967,170567967,170567972,3,5,18,0.6529925275406553
1216,170567982,170567982,170568078,1,95,23,0.7022322746687776
1217,170567996,170567997,170568359,1,362,77,0.49373154274954345
1218,170568003,170568003,170568075,1,71,18,0.6429184766555301
1219,170568019,170568311,170570474,2,2162,23,0.2280247202101212
1220,170568019,170582253,170584416,2,2163,27,0.8963014772885127
1221,170568019,170584420,170586583,2,2163,23,0.5266691318683493
1222,170568019,170586593,170588756,2,2162,26,0.09520873914480388
1223,170568030,170569418,170570197,1,779,27,0.6813723481048763
1224,170568030,170569430,170570197,1,767,27,0.294049143959236
1225,170568030,170569418,170569432,1,14,57,0.12528409516045313
1226,170568030,170569430,170570197,1,767,28,0.4412058593302317
1227,170568030,170569442,170569455,1,12,17,0.7343617434332741
1228,170568031,170569442,170570197,1,754,27,0.7838715088604635
1229,170568031,170569480,170570197,1,717,33,0.6494538368978697
1230,170568031,170569467,170570197,1,730,38,0.8375949921722594
1231,170568033,170568033,170568052,1,18,25,0.0018941894362659584
1232,170568053,170568053,170568696,1,643,24,0.04481747171337114
1233,170568064,170568076,170568440,1,364,26,0.6773686694311476
1234,170568064,170568076,170568440,1,364,22,0.5271452307107658
1235,170568067,170568076,170568474,1,397,25,0.5899441466464755
1236,170568077,170568077,170568080,1,2,31,0.4027515611805019
1237,170568079,170568079,170568804,1,724,22,0.51311998149888
1238,170568079,170568832,170569188,1,355,22,0.5332208722211171
1239,170568080,170568090,170568813,1,722,22,0.841463996318451
1240,170568080,170568832,170569394,1,562,21,0.8287391796285496
1241,170568081,170568081,170568105,2,23,125,0.10244877924123252
1242,170568083,170568106,170568831,1,724,125,0.8167438384509934
1243,170568083,170568832,170569554,1,722,20,0.4894870373172546
1244,170568083,170569555,170570279,1,723,21,0.6997966211325807
1245,170568083,170570280,170571003,1,723,34,0.3072743067077688
1246,170568084,170568106,170568831,1,724,114,0.25247016187008053
1247,170568084,170569189,170569912,1,722,20,0.7360466183501811
1248,170568090,170569917,170570296,1,379,22,0.8059062320046776
1249,170568090,170568825,170569548,1,723,21,0.6019805722492525
1250,170568090,170569549,170570273,1,723,45,0.3071470417996872
1251,170568090,170570280,170571003,1,723,45,0.23424372326731202
1252,170568090,170571007,170571047,1,40,34,0.8719000017747276
1253,170568110,170568145,170568163,1,18,24,0.4051106465191371
1254,170568117,170568125,170568142,2,17,79,0.1102048467565322
1255,170568122,170568129,170569212,8,1083,128,0.6223343956360488
1256,170568161,170568167,170568192,2,24,22,0.32016117297292734
1257,170568161,170568167,170568673,1,505,36,0.7971700636450035
1258,170568169,170568169,170568178,1,9,17,0.29989420089239827
1259,170568170,170568170,170568534,1,363,17,0.16821305755714533
1260,170568173,170570142,170570163,2,20,19,0.28974664708996234
1261,170568173,170570254,170573509,2,3254,38,0.4490340170155307
1262,170568173,170570482,170574076,2,3593,43,0.2049745850481529
1263,170568189,170568190,170568224,1,34,29,0.8321194198938555
1264,170568193,170570482,170570693,1,210,34,0.3251676192264292
1265,170568193,170570495,170570705,1,209,30,0.25578639612432696
1266,170568198,170568207,170568713,1,506,19,0.21014022900415552
1267,170568198,170568207,170568711,1,504,20,0.9331224961970114
1268,170568198,170568207,170568711,1,504,22,0.00588164409355485
1269,170568205,170568206,170568235,1,28,37,0.8777585413619079
1270,170568206,170568310,170568346,2,36,209,0.7674706347518019
1271,170568231,170568232,170568741,1,508,21,0.3528292469619413
1272,170568233,170568258,170568262,3,3,18,0.32540732603398714
1273,170568237,170568605,170568741,1,136,30,0.5699879991991134
1274,170568240,170568284,170568303,2,19,20,0.12998918166978457
1275,170568248,170577450,170577732,256,282,381,0.6914317580097042
1276,170568248,170577466,170577758,256,291,471,0.452612859537632
1277,170568248,170577735,170578021,256,285,382,0.18290641316415668
1278,170568248,170577760,170578051,256,291,471,0.3369965738495212
1279,170568248,170578023,170578309,256,285,382,0.36811017859131423
1280,170568250,170568258,170568318,2,60,62,0.6177896031247129
1281,170568269,170568271,170569256,1,984,80,0.3603879570416795
1282,170568270,170568361,170568425,1,64,23,0.7779759384463804
1283,170568290,170568297,170568308,3,11,37,0.3344441752907491
1284,170568323,170568336,170568347,1,10,17,0.4980276974347002
1285,170568335,170568352,170568357,1,4,209,0.49063706247763716
1286,170568340,170568363,170568369,1,5,18,0.2396630567080248
1287,170568340,170568350,170568594,2,244,102,0.6844216866021691
1288,170568341,170568350,170568600,2,250,86,0.7378371667365147
1289,170568342,170568350,170568596,2,246,86,0.7324802702629357
1290,170568342,170568348,170568365,1,17,205,0.04209097057279643
1291,170568342,170568350,170568605,2,254,86,0.4644763703691902
1292,170568343,170568350,170568597,2,247,85,0.32501278020695834
1293,170568343,170568350,170568602,2,252,98,0.7500984792695681
1294,170568344,170568350,170568603,2,253,99,0.3568002476895963
1295,170568345,170568350,170568597,2,247,90,0.5972163453931761
1296,170568345,170568350,170568600,2,250,85,0.8563956001464081
1297,170568346,170568350,170568601,2,251,85,0.8097847904750071
1298,170568346,170568350,170568602,2,252,85,0.7017203311006105
1299,170568347,170568350,170568598,2,248,85,0.08287852939711238
1300,170568348,170568363,170568614,2,250,87,0.9837946170545993
1301,170568348,170568363,170568612,2,248,87,0.9120802371631487
1302,170568349,170568363,170568615,2,251,87,0.27431308523683007
1303,170568349,170568363,170568615,2,251,89,0.8702938016857739
1304,170568350,170568363,170568613,2,249,102,0.44805993555733437
1305,170568351,170568363,170568611,2,247,87,0.1714896582107044
1306,170568351,170568363,170568616,2,253,100,0.6883585968581312
1307,170568351,170570880,170573044,16,2163,100,0.8892934113392703
1308,170568352,170568363,170568622,2,259,86,0.08182845397964178
1309,170568352,170568363,170568607,2,244,88,0.25844409609338803
1310,170568353,170568363,170568614,2,251,177,0.7443838735673733
1311,170568354,170568363,170568613,2,249,87,0.56874720167049
1312,170568354,170568363,170568613,2,249,87,0.15017300158883384
1313,170568355,170568376,170568627,2,251,87,0.8866511215561989
1314,170568355,170568376,170568625,2,248,128,0.9157783377741912
1315,170568356,170568376,170568627,2,250,87,0.17317487076061455
1316,170568356,170568376,170568626,2,249,90,0.09492403000493277
1317,170568357,170568363,170568726,4,362,29,0.38910407087210297
1318,170568357,170568765,170569128,4,362,28,0.9571949042144512
1319,170568357,170569131,170569494,4,363,26,0.7801631959025861
1320,170568357,170568376,170568626,2,250,86,0.8116616156302475
1321,170568358,170568376,170568627,2,250,85,0.6221137290284848
1322,170568358,170568376,170568628,2,251,85,0.3561720503363388
1323,170568359,170568376,170568632,2,255,85,0.19652538504647932
1324,170568359,170568376,170568632,2,256,85,0.8640405193428152
1325,170568360,170568376,170568626,2,249,85,0.6595507508010694
1326,170568361,170568376,170568628,2,252,86,0.4371705756414004
1327,170568361,170568376,170568624,2,247,86,0.2791899341278703
1328,170568362,170568389,170568640,2,251,87,0.42849897281784055
1329,170568362,170568389,170568645,2,256,85,0.3402131237357342
1330,170568363,170568389,170568641,2,251,100,0.7288161471703976
1331,170568364,170568389,170568640,2,251,100,0.1780898370421773
1332,170568364,170568371,170568480,2,109,31,0.3467338799059835
1333,170568364,170568389,170568639,2,250,100,0.4110683870149233
1334,170568365,170568389,170568637,2,247,99,0.7145844583675561
1335,170568366,170568389,170568639,2,249,100,0.2639571138243708
1336,170568366,170568389,170568637,2,248,100,0.17264605121628862
1337,170568366,170568481,170568591,2,109,31,0.5857848936601884
1338,170568367,170568389,170568637,2,248,100,0.9783378056941904
1339,170568367,170568389,170568636,2,246,99,0.6984616602737781
1340,170568368,170568389,170568639,2,249,100,0.4274129964017048
1341,170568369,170568389,170568648,2,258,99,0.7255038127545052
1342,170568369,170568402,170568657,2,254,99,0.05397459139648486
1343,170568370,170568402,170568655,2,252,108,0.19308047094134617
1344,170568370,170568402,170568655,2,252,96,0.1926189111380796
1345,170568371,170569393,170573395,1,4001,85,0.5953577032625952
1346,170568371,170568402,170568650,2,248,85,0.18263390077973984
1347,170568372,170568593,170568603,1,9,31,0.5336405210604497
1348,170568372,170568402,170568651,2,249,85,0.8011881643487173
1349,170568372,170568402,170568654,2,251,89,0.15359850521760332
1350,170568373,170568455,170568708,2,253,84,0.9903154491070579
1351,170568373,170568468,170568717,2,249,88,0.20994472477019888
1352,170568374,170568442,170568692,2,250,86,0.8135215660023539
1353,170568374,170568522,170568777,2,255,139,0.05266448648547328
1354,170568375,170568535,170568785,2,249,86,0.7386630614199257
1355,170568376,170568625,170568881,2,255,177,0.6223862908631872
1356,170568376,170568612,170568866,2,253,85,0.6280256166489273
1357,170568377,170568612,170568859,2,246,85,0.5923696179405245
1358,170568378,170568612,170568858,2,245,85,0.7479283460560308
1359,170568378,170568625,170568872,2,247,88,0.5261730346566155
1360,170568379,170568651,170568902,2,250,86,0.8167846061463835
1361,170568379,170568625,170568873,2,247,89,0.27352984030376426
1362,170568380,170568625,170568873,2,248,102,0.18737114197396276
1363,170568381,170568625,170568872,2,246,87,0.6697319999436249
1364,170568381,170568625,170568873,2,248,100,0.8961358133728001
1365,170568382,170568625,170568873,2,248,89,0.03500248016897356
1366,170568382,170568651,170568897,2,246,86,0.498638669914808
1367,170568383,170568638,170568879,2,241,87,0.5770629092102316
1368,170568383,170568638,170568887,2,248,87,0.39906512009658834
1369,170568384,170568638,170568891,2,252,128,0.2042166568102618
1370,170568385,170568638,170568886,2,247,90,0.3241033630278919
1371,170568385,170568638,170568894,2,256,86,0.30590512197365993
1372,170568386,170568638,170568884,2,246,85,0.4504073542774819
1373,170568386,170568638,170568891,2,252,85,0.4325457250165813
1374,170568387,170568638,170568886,2,247,85,0.8429238514336534
1375,170568388,170568638,170568888,2,250,85,0.5103186403462163
1376,170568388,170570688,170573305,1,2617,190,0.46777208481964494
1377,170568388,170568638,170568891,2,252,85,0.7784522096975399
1378,170568389,170568651,170568896,2,244,86,0.6556290671479952
1379,170568390,170568651,170568901,2,249,85,0.6300655235072663
1380,170568390,170568651,170568899,2,247,87,0.07619088813863928
1381,170568391,170568651,170568900,2,248,88,0.0637642276200977
1382,170568391,170568651,170568901,2,249,86,0.4176276441026192
1383,170568392,170568651,170568898,2,246,86,0.7227924739294668
1384,170568393,170568651,170568897,2,245,85,0.005109491077422756
1385,170568393,170568664,170568916,2,252,100,0.33340005247947513
1386,170568394,170568664,170568917,2,252,99,0.08827756077936799
1387,170568394,170568664,170568908,2,244,99,0.688660434437377
1388,170568395,170568664,170568912,2,247,86,0.1605804271826764
1389,170568396,170568664,170568918,2,253,85,0.2952380928230117
1390,170568396,170568426,170568732,1,305,37,0.8905738399343208
1391,170568396,170568664,170568912,2,247,85,0.17646205613164245
1392,170568397,170568664,170568913,2,248,85,0.8461252254604937
1393,170568397,170568664,170568910,2,245,87,0.6174749424684288
1394,170568398,170568664,170568913,2,248,86,0.6465586033826395
1395,170568399,170568664,170568912,2,248,99,0.968201372716683
1396,170568399,170568765,170569011,2,245,104,0.40555300801932337
1397,170568399,170568652,170569014,16,362,43,0.7575674247823783
1398,170568399,170569019,170569384,16,364,32,0.26705526763354104
1399,170568399,170569542,170569906,16,364,30,0.40130085981020125
1400,170568400,170574035,170574398,16,363,41,0.8813684723691884
1401,170568400,170574468,170574831,16,362,54,0.7338716286736287
1402,170568400,170576903,170577265,16,362,50,0.964073503951932
1403,170568422,170568428,170568476,1,47,55,0.9496542796578219
1404,170568425,170568603,170568666,1,62,20,0.6479054407123215
1405,170568442,170579198,170579562,16,364,52,0.4724607841504027
1406,170568442,170579671,170580033,16,362,45,0.05900492739007679
1407,170568442,170580916,170581278,16,362,53,0.19118750734807755
1408,170568442,170581940,170582305,16,364,50,0.20991980536990718
1409,170568442,170569530,170569894,4,364,38,0.8669393312930638
1410,170568442,170570444,170570808,4,363,32,0.9432418302614185
1411,170568442,170573998,170574362,4,364,27,0.38728026670319426
1412,170568442,170574431,170574795,4,364,47,0.517319719350477
1413,170568442,170576903,170577265,4,362,54,0.7330679463227882
1414,170568442,170578384,170578749,4,364,28,0.17818917030150172
1415,170568442,170579198,170579562,4,364,52,0.18211626364419597
1416,170568442,170579611,170579973,4,362,31,0.4862969199534749
1417,170568442,170568765,170569128,8,362,30,0.9330033411434422
1418,170568443,170569131,170569494,8,363,29,0.0042837327820284266
1419,170568443,170570457,170570820,8,363,32,0.5414260808102588
1420,170568443,170574048,170574410,8,362,50,0.42074004328343406
1421,170568443,170574456,170574819,8,363,50,0.3573609483649298
1422,170568443,170578626,170578989,8,362,37,0.14095854794763196
1423,170568443,170579198,170579562,8,364,54,0.5542690107208714
1424,170568443,170579587,170579949,8,362,51,0.9850201352696744
1425,170568443,170580722,170581086,8,364,69,0.849553401241618
1426,170568443,170581291,170581653,8,362,34,0.6412501779482783
1427,170568444,170568548,170568556,1,8,17,0.3388576337116902
1428,170568450,170568455,170569897,1,1442,19,0.24759250835495428
1429,170568452,170568667,170568852,1,184,19,0.6482247772910504
1430,170568462,170568462,170568465,1,2,18,0.27210298616793627
1431,170568465,170568466,170568558,1,91,132,0.7708490908959095
1432,170568469,170570546,170579190,2,8644,91,0.3717431432469105
1433,170568471,170568481,170569204,1,723,39,0.11609082324670528
1434,170568472,170570559,170576011,2,5451,76,0.7024153636686633
1435,170568491,170568560,170569121,2,560,271,0.6659213878027471
1436,170568545,170568599,170568639,2,40,22,0.9085491469309828
1437,170568546,170568612,170568641,2,29,23,0.3146188003773299
1438,170568547,170568599,170568623,2,24,23,0.45786123282078306
1439,170568547,170568599,170568630,2,31,90,0.7512776981158342
1440,170568548,170568599,170568623,2,24,31,0.732101214299548
1441,170568563,170568638,170568648,1,9,18,0.2948582033684104
1442,170568563,170568638,170568648,1,9,31,0.5650544963363506
1443,170568563,170568625,170568639,1,13,19,0.7394682858664162
1444,170568563,170568625,170568641,1,16,45,0.7598054954902832
1445,170568563,170568625,170568641,1,15,36,0.3773180253973579
1446,170568563,170568638,170568648,1,9,31,0.4435941308203112
1447,170568563,170568638,170568648,1,9,17,0.5361643267021561
1448,170568563,170568638,170568648,1,10,18,0.32804423663916493
1449,170568563,170568638,170568648,1,9,17,0.13299007385174644
1450,170568563,170568638,170568648,1,9,17,0.21665403743145506
1451,170568563,170568638,170568648,1,10,22,0.4345482041488331
1452,170568563,170568638,170568648,1,9,17,0.07692328664297965
1453,170568563,170568638,170568648,1,9,18,0.6959121293387975
1454,170568563,170568638,170568648,1,9,27,0.5678357717818107
1455,170568564,170568651,170568660,1,8,23,0.46314890794387353
1456,170568564,170568651,170568660,1,8,17,0.04490051155267838
1457,170568564,170568664,170568674,1,9,72,0.5916925218722544
1458,170568564,170568651,170568660,1,8,17,0.2812267484968225
1459,170568564,170568651,170568660,1,8,16,0.8987852872648258
1460,170568564,170568664,170568673,1,8,24,0.784624906828835
1461,170568564,170568651,170568659,1,7,19,0.4801987870425013
1462,170568564,170568651,170568660,1,8,18,0.42430427906787405
1463,170568564,170568651,170568660,1,8,18,0.5377452658167671
1464,170568564,170568651,170568661,1,9,16,0.021183443503510646
1465,170568564,170568651,170568660,1,8,17,0.16126679963017831
1466,170568564,170568651,170568660,1,8,18,0.013312106585688155
1467,170568564,170568664,170568674,1,9,65,0.5534463862277028
1468,170568564,170568664,170568674,1,9,67,0.4863487016524115
1469,170568564,170568664,170568673,1,8,52,0.13743807688202359
1470,170568564,170568664,170568673,1,8,61,0.29843966923413867
1471,170568564,170568664,170568672,1,8,18,0.4247953117927795
1472,170568564,170568664,170568674,1,9,59,0.04402175567588962
1473,170568564,170568664,170568674,1,9,57,0.35860271797695087
1474,170568564,170568664,170568674,1,10,65,0.5605686861252125
1475,170568564,170568664,170568674,1,10,65,0.07024301483039685
1476,170568564,170568664,170568674,1,10,65,0.6596676755372939
1477,170568564,170568677,170568685,1,8,58,0.471846494058374
1478,170568564,170568677,170568686,1,8,78,0.12843545235222487
1479,170568564,170568677,170568685,1,8,67,0.31155649201514635
1480,170568564,170568677,170568686,1,8,70,0.6800342465177076
1481,170568564,170568677,170568685,1,8,91,0.12477090955810155
1482,170568564,170568677,170568686,1,8,62,0.5724473312310309
1483,170568564,170568677,170568685,1,8,59,0.8222792092081144
1484,170568564,170568677,170568685,1,8,84,0.16493787285894634
1485,170568564,170568677,170568687,1,9,63,0.7989637098989579
1486,170568564,170568677,170568686,1,9,51,0.05781272913503088
1487,170568565,170568677,170568687,1,9,59,0.3097745133273532
1488,170568565,170568677,170568685,1,8,67,0.5994462462956153
1489,170568565,170568690,170568699,1,9,64,0.9554036945805702
1490,170568565,170568702,170568710,1,8,64,0.43513898109535076
1491,170568565,170568702,170568710,1,7,63,0.8256211087705592
1492,170568565,170568702,170568710,1,7,60,0.031626159819877375
1493,170568565,170568702,170568710,1,7,65,0.8108735125853905
1494,170568565,170568702,170568712,1,9,45,0.6600685434958645
1495,170568565,170568702,170568710,1,7,61,0.9231393374038258
1496,170568565,170568702,170568710,1,7,58,0.08082893377350764
1497,170568565,170568714,170568722,1,7,51,0.30384008484747727
1498,170568565,170568714,170568724,1,9,32,0.6717944570372547
1499,170568565,170568714,170568724,1,9,29,0.9026739997967552
1500,170568565,170568714,170568722,1,7,50,0.014404207879427866
1501,170568565,170568714,170568722,1,7,49,0.7683067837634835
1502,170568565,170568714,170568722,1,7,50,0.9073074719169785
1503,170568565,170568714,170568722,1,7,48,0.5094122197089088
1504,170568570,170568714,170568724,1,9,31,0.8642189630385575
1505,170568570,170568714,170568724,1,9,30,0.5279042573576972
1506,170568570,170568727,170568735,1,7,49,0.9396962031233415
1507,170568570,170568727,170568735,1,8,50,0.5252482414455801
1508,170568570,170568727,170568735,1,7,48,0.18043604884358944
1509,170568570,170568739,170568748,1,8,25,0.19569179167039363
1510,170568570,170568739,170568748,1,8,17,0.5836980199795586
1511,170568570,170568739,170568748,1,8,18,0.022313855522395953
1512,170568570,170568739,170568748,1,8,17,0.3237159356803483
1513,170568570,170568739,170568748,1,8,18,0.10356745355654329
1514,170568570,170568739,170568748,1,8,17,0.4922765545779022
1515,170568570,170568739,170568748,1,8,17,0.8878931693326371
1516,170568570,170568752,170568760,1,7,18,0.7903830164401288
1517,170568570,170568752,170568760,1,8,17,0.6301270365376823
1518,170568570,170568752,170568760,1,7,17,0.7469332303408149
1519,170568570,170568765,170568776,1,10,56,0.16115306409025842
1520,170568570,170568765,170568774,1,8,17,0.4192988266623484
1521,170568570,170568765,170568774,1,8,17,0.41237064254560973
1522,170568570,170568765,170568775,1,10,18,0.4846723398359073
1523,170568570,170568765,170568774,1,9,18,0.06233374051368923
1524,170568570,170568765,170568774,1,8,18,0.8181333301817797
1525,170568570,170568765,170568774,1,8,17,0.8251926647427992
1526,170568570,170568779,170568789,1,9,25,0.6027348753560141
1527,170568570,170568779,170568789,1,9,53,0.10287734288412553
1528,170568570,170568765,170568775,1,9,18,0.6396140264664467
1529,170568570,170568765,170568775,1,9,18,0.6464253781277581
1530,170568570,170568765,170568774,1,8,18,0.1471426122885494
1531,170568570,170568779,170568787,1,8,17,0.6631761169675779
1532,170568570,170568779,170568787,1,8,17,0.8772783132813159
1533,170568570,170568779,170568787,1,8,18,0.5199202671305753
1534,170568570,170568779,170568787,1,8,18,0.8044556070492636
1535,170568570,170568779,170568787,1,8,17,0.8011372640875449
1536,170568571,170568779,170568787,1,8,17,0.23054227179854336
1537,170568571,170568779,170568790,1,10,16,0.2860902159002312
1538,170568571,170568779,170568788,1,8,17,0.09028750647218131
1539,170568571,170568779,170568788,1,8,53,0.9855117623805434
1540,170568571,170568779,170568788,1,8,48,0.27957756629780195
1541,170568571,170568791,170568801,1,9,17,0.3188781921057854
1542,170568571,170568791,170568801,1,9,17,0.18272060820420255
1543,170568571,170568791,170568801,1,9,18,0.03224002525494052
1544,170568571,170568804,170568812,1,7,17,0.7044777417306917
1545,170568571,170568819,170568826,1,7,18,0.06778570995119915
1546,170568571,170568819,170568827,1,7,17,0.7632443116366605
1547,170568571,170568844,170568852,1,8,18,0.5690678715100417
1548,170568571,170568831,170568839,1,7,18,0.17161371092501787
1549,170568571,170568831,170568839,1,7,23,0.29533150339370917
1550,170568571,170568831,170568839,1,7,17,0.9739594779124712
1551,170568571,170568831,170568839,1,7,18,0.43092669432198827
1552,170568571,170568844,170568856,1,11,50,0.6290089416771861
1553,170568571,170568844,170568852,1,8,18,0.34738137506412803
1554,170568571,170568831,170568839,1,8,17,0.9179095964060046
1555,170568571,170568844,170568852,1,7,23,0.3713617032307258
1556,170568571,170568856,170568866,1,9,64,0.3571626207811768
1557,170568571,170568831,170568840,1,8,23,0.4294751879536387
1558,170568571,170568831,170568840,1,8,23,0.8119090712152941
1559,170568572,170568844,170568852,1,8,34,0.0015263803026299705
1560,170568576,170568612,170568622,1,10,16,0.7127164060508787
1561,170568577,170568612,170569336,1,724,26,0.8692249022207674
1562,170568577,170568625,170568667,2,42,40,0.09236452994609079
1563,170568578,170568612,170568631,2,19,22,0.3214236921581546
1564,170568579,170568612,170568630,2,18,21,0.009696033417362027
1565,170568579,170568612,170568647,2,35,35,0.8542550097506162
1566,170568580,170568612,170568639,2,27,35,0.3048745384022269
1567,170568592,170568612,170569336,1,724,24,0.10904165180406888
1568,170568604,170568844,170568848,1,3,17,0.7242359100861284
1569,170568604,170568844,170568848,1,3,17,0.9408628528262248
1570,170568604,170568844,170568848,1,3,18,0.19505278399152004
1571,170568604,170568844,170568848,1,3,18,0.20380683514610254
1572,170568604,170568844,170568848,1,3,17,0.09832399473395348
1573,170568604,170568844,170568848,1,3,17,0.8899652141845034
1574,170568604,170568869,170568873,1,3,18,0.1017917432288371
1575,170568604,170568856,170568861,1,4,31,0.580106742897518
1576,170568604,170568856,170568861,1,4,34,0.7677851864106626
1577,170568604,170568856,170568861,1,4,17,0.7758933012365838
1578,170568604,170568856,170568861,1,4,35,0.7727536967921179
1579,170568604,170568856,170568861,1,4,17,0.7796572325930328
1580,170568604,170568856,170568861,1,4,17,0.9082664888158144
1581,170568604,170568856,170568861,1,4,18,0.9506558322738646
1582,170568604,170568856,170568861,1,4,18,0.2529480492954067
1583,170568604,170568856,170568861,1,4,17,0.3048389037475908
1584,170568604,170568856,170568861,1,4,17,0.6414878928200519
1585,170568604,170568869,170568873,1,3,35,0.3595012720221028
1586,170568604,170568869,170568873,1,3,16,0.8158886119935279
1587,170568604,170568869,170568873,1,3,17,0.9193201723358257
1588,170568604,170568869,170568873,1,3,18,0.4082886292673412
1589,170568604,170568869,170568873,1,3,17,0.4997914858325988
1590,170568604,170568869,170568873,1,3,17,0.14505565711511104
1591,170568604,170568869,170568873,1,3,17,0.4490920211946652
1592,170568604,170568869,170568875,1,5,23,0.12135549711222149
1593,170568604,170568869,170568875,1,5,25,0.6929420395064586
1594,170568605,170568894,170568899,1,4,75,0.35383270730377536
1595,170568605,170568894,170568898,1,4,18,0.45809479242314066
1596,170568605,170568894,170568899,1,5,18,0.9411496772062052
1597,170568605,170568894,170568898,1,3,31,0.558634908391418
1598,170568605,170568894,170568898,1,3,17,0.2551533359858805
1599,170568605,170568894,170568898,1,3,17,0.14695527784074525
1600,170568605,170568894,170568898,1,3,18,0.08636388471175893
1601,170568605,170568894,170568898,1,3,18,0.8100961898862775
1602,170568605,170568894,170568898,1,3,17,0.8570870646117575
1603,170568605,170568894,170568898,1,3,32,0.23926148310102247
1604,170568605,170568894,170568898,1,3,32,0.6333184885371357
1605,170568605,170568894,170568898,1,3,32,0.405182742607639
1606,170568605,170568919,170568925,1,5,17,0.5916455115886371
1607,170568613,170568932,170568937,1,5,16,0.6129303488884832
1608,170568614,170568944,170568949,1,5,18,0.20880810270679073
1609,170568614,170568944,170568949,1,4,18,0.3676965345748324
1610,170568614,170568957,170568962,1,5,16,0.9907708424383307
1611,170568614,170568957,170568961,1,4,17,0.9206402977034137
1612,170568614,170568957,170568961,1,4,17,0.4929731760386149
1613,170568614,170568957,170568961,1,4,17,0.323339339677835
1614,170568614,170568957,170568961,1,4,17,0.5037174102200115
1615,170568614,170568957,170568961,1,4,16,0.19263928732670577
1616,170568614,170568957,170568961,1,4,17,0.5253229946683958
1617,170568614,170568957,170568961,1,4,18,0.9581875280203205
1618,170568614,170568957,170568962,1,5,16,0.406125244752654
1619,170568614,170568957,170568961,1,4,18,0.8750579155421633
1620,170568614,170568957,170568961,1,4,30,0.030323595589590635
1621,170568614,170568969,170568973,1,3,17,0.8615919577481702
1622,170568614,170568969,170568973,1,3,18,0.9281811699461872
1623,170568614,170568982,170568986,1,4,17,0.8950261440749542
1624,170568614,170568969,170568973,1,3,17,0.4096874228855384
1625,170568614,170568969,170568973,1,3,17,0.6142345429761776
1626,170568614,170568969,170568973,1,3,17,0.12322269711554157
1627,170568614,170568969,170568973,1,3,17,0.5768447339921007
1628,170568614,170568969,170568973,1,3,16,0.847725540615373
1629,170568614,170568969,170568973,1,3,17,0.18939118588102555
1630,170568614,170568969,170568973,1,3,18,0.04987216498832803
1631,170568614,170568969,170568973,1,3,18,0.6170398741949008
1632,170568614,170568969,170568973,1,3,30,0.18145554422388077
1633,170568615,170568982,170568988,1,5,17,0.325370810618239
1634,170568615,170568982,170568988,1,5,17,0.5177873079656452
1635,170568615,170568982,170568986,1,4,17,0.9190487222507261
1636,170568615,170568982,170568986,1,4,17,0.7742549142730509
1637,170568615,170568982,170568986,1,4,17,0.4965374341895721
1638,170568615,170568982,170568986,1,4,16,0.8887232580817983
1639,170568615,170568982,170568986,1,4,17,0.8352907355652898
1640,170568615,170568982,170568986,1,4,18,0.13485136179215162
1641,170568615,170568982,170568986,1,4,18,0.5789662147737892
1642,170568615,170568982,170568988,1,5,17,0.32809356045724725
1643,170568624,170568982,170568986,1,4,18,0.15069489576608952
1644,170568624,170568994,170568998,1,3,18,0.27657039567467523
1645,170568624,170568994,170568998,1,3,17,0.11455880527309537
1646,170568624,170568994,170569000,1,5,17,0.04644695843895286
1647,170568624,170568994,170568998,1,3,17,0.46276161641460956
1648,170568624,170568994,170568998,1,3,18,0.7566396731990238
1649,170568624,170568994,170568998,1,3,18,0.6966376543773805
1650,170568624,170568994,170568998,1,3,17,0.27676289164539036
1651,170568624,170568994,170568998,1,3,17,0.7324532045409982
1652,170568624,170568994,170568998,1,3,17,0.7381661842295006
1653,170568624,170568994,170568999,1,4,17,0.4080674795755199
1654,170568624,170568994,170568998,1,3,18,0.5637057236975825
1655,170568624,170568994,170568998,1,3,18,0.07503811774664015
1656,170568624,170569007,170569010,1,3,18,0.2925734785466626
1657,170568624,170569007,170569010,1,3,17,0.49145259852986767
1658,170568624,170569007,170569010,1,3,17,0.7437900891725163
1659,170568624,170569007,170569010,1,3,17,0.8227936576064374
1660,170568625,170569007,170569010,1,3,18,0.9898177680508669
1661,170568625,170569007,170569010,1,3,18,0.46943840665144376
1662,170568625,170569007,170569010,1,3,17,0.6370181525733483
1663,170568625,170569007,170569010,1,3,17,0.6499897914799989
1664,170568625,170569007,170569010,1,3,17,0.05066392465054459
1665,170568625,170569007,170569010,1,3,17,0.10489296491063527
1666,170568625,170569007,170569010,1,3,18,0.5872746731714109
1667,170568625,170569007,170569010,1,3,18,0.622045788203371
1668,170568625,170569019,170569022,1,3,17,0.2491680941347585
1669,170568625,170569019,170569023,1,3,17,0.3573242651090367
1670,170568625,170569019,170569023,1,3,17,0.24743973954777365
1671,170568625,170569019,170569023,1,3,17,0.36062197168401944
1672,170568625,170569019,170569022,1,3,17,0.15130776583464345
1673,170568625,170569019,170569023,1,3,16,0.76618154557435
1674,170568626,170569019,170569023,1,3,17,0.7348267899404517
1675,170568626,170569019,170569023,1,3,18,0.34871484821020304
1676,170568626,170569019,170569023,1,3,18,0.8048637148390055
1677,170568626,170569019,170569025,1,5,18,0.3238840364015728
1678,170568626,170569019,170569025,1,5,18,0.7705010975943272
1679,170568626,170569019,170569025,1,5,17,0.2538227398849786
1680,170568626,170569031,170569035,1,3,17,0.012469188662815323
1681,170568626,170569031,170569035,1,3,17,0.05595364637550382
1682,170568626,170569031,170569035,1,3,18,0.09706171665028096
1683,170568626,170569031,170569035,1,3,17,0.4055204135248194
1684,170568626,170569031,170569035,1,3,17,0.101454945386109
1685,170568626,170569031,170569037,1,5,18,0.9235431016276051
1686,170568626,170569031,170569035,1,3,17,0.8884778670832183
1687,170568626,170569031,170569035,1,3,16,0.6336087447709786
1688,170568626,170569031,170569035,1,3,17,0.5019613484572794
1689,170568626,170569031,170569037,1,5,16,0.11660991481786587
1690,170568626,170569031,170569037,1,5,36,0.8320716474017561
1691,170568641,170568651,170568683,1,31,27,0.9992591234776393
1692,170568654,170568664,170568688,2,24,22,0.17596912159275346
1693,170568654,170568664,170568697,2,32,25,0.9379003509442964
1694,170568655,170568664,170568693,2,29,23,0.4893390377080814
1695,170568656,170568664,170568689,2,25,52,0.6044320776010287
1696,170568656,170568664,170568683,2,18,22,0.7009675336221772
1697,170568667,170568677,170568685,1,8,17,0.49227836717751283
1698,170568673,170568677,170569178,1,501,72,0.9902338998968573
1699,170568680,170570546,170570554,2,7,54,0.9566014201564208
1700,170568681,170568698,170568705,1,6,18,0.21462254745867404
1701,170568688,170568689,170568735,1,45,27,0.2621873569691471
1702,170568692,170568702,170568889,1,187,77,0.3237820712837012
1703,170568693,170568702,170569581,1,878,111,0.8761732688501394
1704,170568694,170568702,170568721,2,19,41,0.0858463916780845
1705,170568695,170568702,170568728,2,25,25,0.23250632968600704
1706,170568695,170568702,170568721,2,19,23,0.7494891926429047
1707,170568696,170568702,170568736,2,34,22,0.30121396751288076
1708,170568697,170568702,170568728,2,26,37,0.11049454230141553
1709,170568697,170568702,170568738,2,36,37,0.05846033740920331
1710,170568698,170568702,170568721,2,19,22,0.7755794313199419
1711,170568699,170568702,170568726,2,24,22,0.08240121211050044
1712,170568699,170568702,170568734,2,32,22,0.6902544338219686
1713,170568700,170568702,170568726,2,23,29,0.9975373310869822
1714,170568704,170569917,170578474,1,8557,38,0.3284960147083025
1715,170568704,170578476,170587033,1,8556,36,0.1436150951452153
1716,170568704,170587034,170595592,1,8557,51,0.012934026835465073
1717,170568704,170595593,170604150,1,8557,37,0.9872320707495504
1718,170568704,170604164,170612721,1,8557,37,0.7400020257473708
1719,170568704,170612730,170621287,1,8557,36,0.4470693483344128
1720,170568704,170623168,170631726,1,8558,414,0.9817510804407769
1721,170568704,170632340,170640897,1,8557,39,0.7188628014373609
1722,170568704,170640900,170649457,1,8556,38,0.4861120074209786
1723,170568704,170649459,170658016,1,8557,37,0.8722300294068464
1724,170568704,170661084,170669641,1,8557,51,0.3193048287383419
1725,170568709,170569917,170578474,1,8557,39,0.7990247854187097
1726,170568709,170578476,170587033,1,8556,37,0.2829216978733635
1727,170568709,170587034,170595592,1,8557,47,0.013400400988532235
1728,170568709,170595593,170604150,1,8557,44,0.9227172503953149
1729,170568709,170604176,170612733,1,8556,50,0.3993723400712299
1730,170568709,170612735,170621291,1,8556,35,0.3857598883943488
1731,170568709,170623172,170631729,1,8556,36,0.6380472301975955
1732,170568709,170632340,170640897,1,8557,37,0.07809330874130505
1733,170568709,170640900,170649458,1,8557,36,0.9126527543395375
1734,170568709,170649460,170658018,1,8558,53,0.31979549071482793
1735,170568709,170661084,170669641,1,8557,38,0.4947431877411962
1736,170568711,170568714,170569215,1,500,27,0.9884828881246956
1737,170568711,170568727,170569227,1,500,23,0.7367697591298015
1738,170568713,170568714,170569216,1,501,22,0.6373253698087437
1739,170568728,170568728,170568734,1,6,27,0.21634119388637918
1740,170568728,170568765,170568771,1,5,16,0.8670788525938856
1741,170568737,170568739,170568753,1,13,27,0.9982734189908866
1742,170568737,170568739,170568765,2,25,37,0.6225455513536214
1743,170568738,170568752,170568782,2,30,37,0.7348722683895079
1744,170568739,170568739,170568766,2,26,25,0.9419368474784712
1745,170568739,170568752,170568779,2,27,60,0.9514408567188924
1746,170568740,170568752,170568778,2,26,23,0.8975066934158783
1747,170568741,170568752,170569256,1,504,28,0.888131634307174
1748,170568742,170568752,170569476,1,724,26,0.1062998891956255
1749,170568745,170568745,170568759,1,14,29,0.9022413702711888
1750,170568754,170568765,170569489,1,724,22,0.7609709330810235
1751,170568755,170568756,170568905,1,148,29,0.8346327572652608
1752,170568772,170568772,170568823,1,51,18,0.9874276642880142
1753,170568773,170568791,170568840,5,49,25,0.37387547881648353
1754,170568782,170568783,170568850,1,67,38,0.95648980487603
1755,170568787,170568791,170568975,1,183,22,0.8593388809899289
1756,170568790,170568806,170568822,1,16,20,0.718435013997931
1757,170568792,170568804,170568811,1,7,18,0.67898671708634
1758,170568796,170568804,170568838,2,34,21,0.8489315687781354
1759,170568797,170568804,170568835,2,30,22,0.15143293519349654
1760,170568797,170568804,170568835,2,30,25,0.11969445912566701
1761,170568798,170568804,170568829,2,24,23,0.36126012874337177
1762,170568799,170568804,170568834,2,29,37,0.2627729280442599
1763,170568800,170568804,170568831,2,27,37,0.3943445872886826
1764,170568800,170568804,170568834,2,29,50,0.19619430470303778
1765,170568801,170568804,170568826,2,22,27,0.8348010665207808
1766,170568802,170568804,170568826,2,22,22,0.7301054918546545
1767,170568802,170568804,170568831,2,27,22,0.5333921251971351
1768,170568810,170568815,170568823,1,8,21,0.029156497357020306
1769,170568815,170568824,170569188,1,364,76,0.7990009383648734
1770,170568822,170568831,170569052,1,220,100,0.673599300883072
1771,170568834,170568874,170568878,1,3,20,0.19132528995860076
1772,170568834,170568929,170568932,1,3,18,0.1362227452867003
1773,170568835,170568844,170568868,2,24,26,0.9288941115906342
1774,170568837,170568851,170568872,1,20,27,0.9922724030274133
1775,170568840,170568844,170568870,2,25,22,0.46804636962579993
1776,170568840,170568856,170568887,2,30,22,0.09339756339915661
1777,170568841,170568844,170568867,2,22,25,0.9527663317992947
1778,170568842,170568844,170568868,2,23,23,0.2943690659400068
1779,170568842,170568974,170568981,1,7,17,0.6269802337632475
1780,170568843,170568844,170568871,2,27,23,0.519335715691654
1781,170568850,170568869,170570437,5,1568,64,0.35662795202932296
1782,170568868,170568869,170568890,1,21,75,0.3359156677991608
1783,170568880,170568881,170568902,2,20,22,0.6195313250182498
1784,170568881,170568881,170568938,2,56,23,0.920533846782469
1785,170568882,170568894,170568923,2,29,22,0.6532488536963318
1786,170568882,170568894,170568930,2,35,30,0.35402984579762653
1787,170568883,170568894,170568920,2,26,23,0.6455823148966251
1788,170568897,170568906,170568913,1,7,19,0.9129244256438548
1789,170568899,170568919,170568927,1,8,18,0.19263418073381955
1790,170568903,170568906,170568923,1,17,95,0.509107565427555
1791,170568906,170568924,170568970,2,46,17,0.6236647215112214
1792,170568931,170568932,170568989,1,57,67,0.42913702193610126
1793,170568948,170575256,170576929,256,1672,422,0.10976394929732314
1794,170568952,170569069,170569072,1,3,17,0.6666835442720047
1795,170568953,170569081,170569087,1,6,17,0.01700964022093432
1796,170568953,170569106,170569112,1,5,18,0.9630933076059347
1797,170568966,170568969,170569090,1,120,21,0.9355437681143752
1798,170568968,170569118,170569123,1,4,17,0.9329509829844838
1799,170568968,170569143,170569149,1,5,19,0.9155760300017993
1800,170568968,170569143,170569148,1,4,17,0.32542368689575096
1801,170568968,170569156,170569160,1,4,19,0.2959266051225865
1802,170568968,170569143,170569147,1,4,32,0.24265602506416606
1803,170568968,170569143,170569148,1,4,18,0.029155915450360892
1804,170568968,170569143,170569147,1,4,17,0.9025461129329767
1805,170568968,170569143,170569147,1,4,17,0.8653776095677204
1806,170568968,170569143,170569148,1,4,18,0.6281779898010631
1807,170568969,170569143,170569148,1,4,17,0.10061517310103851
1808,170568969,170569143,170569148,1,4,18,0.25870589193760063
1809,170568969,170569143,170569149,1,5,18,0.4284696689931967
1810,170568969,170569143,170569149,1,5,21,0.5702095580777202
1811,170568969,170569156,170569160,1,4,17,0.00619232978466544
1812,170568969,170569156,170569161,1,5,17,0.1653430160483207
1813,170568969,170569156,170569160,1,4,31,0.9507595514102779
1814,170568969,170569156,170569161,1,5,16,0.7272157834536391
1815,170568969,170569156,170569160,1,4,18,0.29536060634207595
1816,170568969,170569156,170569160,1,4,17,0.19002743706181124
1817,170568969,170569156,170569160,1,4,17,0.0664944183535191
1818,170568969,170569156,170569160,1,4,18,0.6367469708340969
1819,170568969,170569156,170569160,1,4,17,0.4740774895115334
1820,170568969,170569156,170569160,1,4,18,0.9555916859027622
1821,170568969,170569156,170569160,1,4,18,0.37814129387933937
1822,170568969,170569168,170569172,1,3,19,0.032356867635926156
1823,170568969,170569168,170569172,1,3,17,0.6775645700123424
1824,170568969,170569168,170569172,1,3,17,0.301487007309994
1825,170568969,170569168,170569172,1,3,31,0.5966177389773532
1826,170568969,170569168,170569172,1,3,16,0.6821584587650664
1827,170568969,170569168,170569172,1,3,18,0.691223852862541
1828,170568969,170569168,170569172,1,3,17,0.7330460383782992
1829,170568969,170569168,170569174,1,5,23,0.33136372334919717
1830,170568969,170569168,170569174,1,5,19,0.6527309298087414
1831,170568969,170569168,170569172,1,3,17,0.10536586629457834
1832,170568969,170569168,170569172,1,3,18,0.07795049720833325
1833,170568970,170569180,170569184,1,3,17,0.41945952299076905
1834,170568970,170569180,170569184,1,4,31,0.25719822404738724
1835,170568970,170569180,170569184,1,4,16,0.809174319734304
1836,170568970,170569180,170569184,1,3,18,0.7149059324554149
1837,170568970,170569180,170569184,1,3,17,0.02481073045978588
1838,170568970,170569180,170569186,1,5,17,0.5148529605215002
1839,170568970,170569180,170569184,1,3,19,0.32887971647452574
1840,170568970,170569180,170569186,1,5,43,0.182763959676146
1841,170568970,170569180,170569185,1,4,18,0.5855764779608563
1842,170568970,170569180,170569185,1,4,18,0.3340168326635088
1843,170568970,170569180,170569184,1,3,18,0.9198275081939993
1844,170568970,170569180,170569184,1,3,19,0.85880974156293
1845,170568970,170569193,170569197,1,4,17,0.8900116625662347
1846,170568970,170569193,170569197,1,4,31,0.7931757131036288
1847,170568970,170569193,170569197,1,4,16,0.983254258786377
1848,170568970,170569193,170569197,1,4,18,0.5290663153854736
1849,170568970,170569193,170569197,1,4,17,0.746740518647469
1850,170568970,170569193,170569197,1,4,17,0.38226390011859335
1851,170568971,170568974,170568987,1,13,26,0.7639895230844079
1852,170568973,170568982,170569525,1,542,18,0.39094851443169654
1853,170568975,170568982,170569334,1,352,30,0.06342262128001175
1854,170568982,170569193,170569201,1,8,19,0.4517806623384646
1855,170568982,170569193,170569201,1,8,39,0.9913607227824166
1856,170568982,170569193,170569201,1,8,18,0.527459497695308
1857,170568982,170569193,170569201,1,8,18,0.8107101346881895
1858,170568982,170569193,170569201,1,8,18,0.8060493355120129
1859,170568982,170569193,170569201,1,8,19,0.7536821034861344
1860,170568982,170569219,170569227,1,8,18,0.0928631889573931
1861,170568982,170569205,170569213,1,8,17,0.45422028207292675
1862,170568983,170569205,170569213,1,8,32,0.8827751482589876
1863,170568983,170569205,170569214,1,8,18,0.5125086399570438
1864,170568983,170569205,170569213,1,8,17,0.7578488905025188
1865,170568983,170569205,170569215,1,9,17,0.2849347687781205
1866,170568983,170569205,170569213,1,8,17,0.040351193559496346
1867,170568983,170569205,170569213,1,8,19,0.7772180689823889
1868,170568983,170569205,170569213,1,8,39,0.5401130554577788
1869,170568983,170569205,170569213,1,8,18,0.8668401158298796
1870,170568983,170569205,170569214,1,8,18,0.6948278970346624
1871,170568983,170569205,170569213,1,8,18,0.2400081861025083
1872,170568983,170569219,170569227,1,7,17,0.6858487654430447
1873,170568983,170569219,170569227,1,7,17,0.6667269891460248
1874,170568983,170569219,170569227,1,7,17,0.7865739933823979
1875,170568983,170569219,170569227,1,7,19,0.3139075649403903
1876,170568983,170569219,170569227,1,8,39,0.17895824886270084
1877,170568983,170569219,170569228,1,9,24,0.9932214843987525
1878,170568983,170569219,170569229,1,10,30,0.8498282503779774
1879,170568983,170569219,170569228,1,9,19,0.9030475653691873
1880,170568983,170569219,170569227,1,7,18,0.17463441457859197
1881,170568983,170569219,170569227,1,7,18,0.6156330707096348
1882,170568983,170569219,170569227,1,8,18,0.2450329004058014
1883,170568983,170569232,170569240,1,8,19,0.5188638056058359
1884,170568983,170569232,170569240,1,8,18,0.8297775706491565
1885,170568983,170569232,170569240,1,7,17,0.49849634038957547
1886,170568983,170569232,170569240,1,7,18,0.9670323816315413
1887,170568983,170569232,170569240,1,7,20,0.5542743935369988
1888,170568983,170569232,170569240,1,7,40,0.6032016837254688
1889,170568983,170569232,170569240,1,7,74,0.7992245628818497
1890,170568983,170569232,170569239,1,7,65,0.8919520873553655
1891,170568983,170569232,170569240,1,8,74,0.5206291497247082
1892,170568983,170569232,170569240,1,7,18,0.5518494124075697
1893,170568983,170569232,170569241,1,8,17,0.7518237231068452
1894,170568983,170569232,170569240,1,8,18,0.29485404360506184
1895,170568984,170569245,170569253,1,8,19,0.46234986024186153
1896,170568984,170569245,170569254,1,9,63,0.33461638387302584
1897,170568984,170569245,170569253,1,8,18,0.9761384088517794
1898,170568984,170569245,170569253,1,8,17,0.4712338768326395
1899,170568984,170569245,170569253,1,8,18,0.04577803226578314
1900,170568984,170569245,170569253,1,8,24,0.11392890609308737
1901,170568984,170569245,170569253,1,8,23,0.47097728568767583
1902,170568984,170569245,170569253,1,8,53,0.4098538105697709
1903,170568984,170569245,170569253,1,8,18,0.44818315144771836
1904,170568984,170569245,170569253,1,8,66,0.6916153959310924
1905,170568984,170569245,170569253,1,8,67,0.7819725831769627
1906,170568984,170569245,170569254,1,9,27,0.46861689903979786
1907,170568984,170569257,170569265,1,8,44,0.0014921710976341096
1908,170568984,170569257,170569265,1,8,50,0.6841972500619408
1909,170568984,170569257,170569267,1,9,17,0.4436518282423464
1910,170568984,170569257,170569265,1,8,45,0.28353802264690986
1911,170568984,170569257,170569265,1,8,48,0.29903793721813865
1912,170568984,170569257,170569265,1,8,45,0.9261433170929123
1913,170568984,170569257,170569265,1,8,24,0.13231269348614605
1914,170568984,170569257,170569265,1,8,23,0.20677903794719688
1915,170568984,170569257,170569265,1,8,47,0.5083359562681236
1916,170568984,170569257,170569265,1,8,49,0.3419105054500121
1917,170568984,170569257,170569266,1,8,51,0.8278716269453668
1918,170568984,170569257,170569265,1,8,50,0.886214835948803
1919,170568987,170568987,170569002,1,14,17,0.347681572423862
1920,170569005,170569006,170569026,2,19,26,0.9127255467593453
1921,170569018,170583194,170583545,16,351,55,0.3776607948937445
1922,170569023,170569031,170569083,2,51,23,0.08556059425099083
1923,170569023,170569031,170569054,2,22,22,0.3834361384173419
1924,170569024,170569031,170569054,2,22,22,0.867940377404273
1925,170569025,170569031,170569053,2,21,22,0.6835008371602431
1926,170569026,170569031,170569053,2,22,22,0.15239433766808985
1927,170569026,170583242,170583570,16,328,78,0.43739870398086944
1928,170569032,170583245,170583376,16,130,41,0.40393621246938927
1929,170569036,170583245,170583361,16,116,32,0.16460328659377743
1930,170569037,170569269,170569278,1,8,43,0.07804820471422647
1931,170569037,170569269,170569278,1,8,42,0.16260026465098731
1932,170569037,170569269,170569278,1,8,34,0.48740450947932445
1933,170569037,170569269,170569278,1,8,42,0.5154638434918025
1934,170569037,170569269,170569278,1,8,42,0.09329259545173241
1935,170569037,170569269,170569278,1,8,43,0.10724512829428734
1936,170569037,170569269,170569278,1,8,48,0.24431530689036607
1937,170569037,170569269,170569278,1,8,46,0.9245116488904851
1938,170569037,170569269,170569278,1,8,43,0.7676547381047144
1939,170569037,170569269,170569278,1,8,46,0.6390019102969449
1940,170569037,170569269,170569278,1,8,38,0.8406571875197985
1941,170569037,170569269,170569278,1,8,43,0.6916013261965672
1942,170569037,170569282,170569291,1,9,18,0.5395146079645857
1943,170569037,170569282,170569290,1,8,18,0.059375760299097635
1944,170569037,170569282,170569290,1,7,17,0.24311310567378763
1945,170569037,170569282,170569290,1,8,18,0.33794769270681646
1946,170569037,170569282,170569290,1,8,17,0.928502521731169
1947,170569038,170569282,170569290,1,8,17,0.5424448111492187
1948,170569038,170569282,170569290,1,8,24,0.26379126538739495
1949,170569038,170569282,170569290,1,7,23,0.5494609588768858
1950,170569038,170569282,170569290,1,7,18,0.5611242728009274
1951,170569038,170569282,170569290,1,7,17,0.704262636915997
1952,170569038,170569282,170569290,1,7,18,0.1739466274557423
1953,170569038,170569282,170569290,1,7,18,0.812290664758358
1954,170569038,170569294,170569302,1,7,18,0.4506475140591325
1955,170569038,170569294,170569302,1,8,18,0.009353045848284891
1956,170569038,170569294,170569302,1,7,17,0.39612805607909174
1957,170569038,170569294,170569302,1,8,18,0.5504850736180923
1958,170569038,170569294,170569302,1,8,17,0.022293569107534772
1959,170569038,170569294,170569302,1,8,17,0.6053118126254184
1960,170569038,170569294,170569302,1,8,24,0.04250444256704933
1961,170569038,170569294,170569302,1,7,23,0.8823272829885649
1962,170569038,170569294,170569302,1,8,18,0.5970803537751574
1963,170569038,170569294,170569302,1,8,18,0.9360286177786956
1964,170569038,170569294,170569302,1,8,18,0.5693104406963637
1965,170569038,170569294,170569302,1,8,18,0.5069898655868502
1966,170569038,170569307,170569315,1,8,45,0.6893788322494845
1967,170569038,170569307,170569314,1,7,17,0.07271194538031034
1968,170569038,170569307,170569315,1,8,18,0.5311553525058781
1969,170569038,170569307,170569315,1,8,60,0.5577340250666023
1970,170569038,170569307,170569315,1,8,17,0.7772812161317848
1971,170569038,170569307,170569315,1,8,24,0.6565774550487153
1972,170569038,170569307,170569315,1,8,37,0.24096710818543354
1973,170569038,170569307,170569315,1,8,18,0.878737531275916
1974,170569038,170569307,170569314,1,7,18,0.47700566539936895
1975,170569038,170569307,170569315,1,8,18,0.3484623931202251
1976,170569038,170569307,170569316,1,9,58,0.06628622594503408
1977,170569038,170569307,170569315,1,8,47,0.14061065086559688
1978,170569038,170569319,170569327,1,8,18,0.7700479401309083
1979,170569038,170569319,170569327,1,8,33,0.2760498745689791
1980,170569038,170569319,170569327,1,8,31,0.34300984561607484
1981,170569039,170569319,170569327,1,8,17,0.8830310595126092
1982,170569039,170569319,170569327,1,8,17,0.38723149799064127
1983,170569039,170569319,170569327,1,8,36,0.6988893911132091
1984,170569039,170569319,170569327,1,8,37,0.19012322462137787
1985,170569039,170569319,170569327,1,8,32,0.39829016013632024
1986,170569039,170569319,170569327,1,8,34,0.618207086111971
1987,170569039,170569319,170569327,1,8,32,0.5060790749137558
1988,170569039,170569319,170569327,1,8,78,0.3068995832677338
1989,170569039,170569319,170569327,1,8,17,0.9130980593747653
1990,170569039,170569331,170569339,1,8,19,0.044575566917454346
1991,170569039,170569331,170569339,1,8,17,0.9581547116876222
1992,170569039,170569331,170569340,1,8,23,0.5134262354282596
1993,170569039,170569331,170569339,1,8,23,0.7602102745979935
1994,170569039,170569331,170569341,1,9,84,0.12066140762614397
1995,170569045,170569056,170569076,1,19,134,0.8790135087341968
1996,170569047,170569047,170569088,2,40,17,0.45019878903084276
1997,170569075,170569081,170569328,2,247,85,0.43692434442908756
1998,170569075,170569093,170569338,2,244,86,0.07368730670876367
1999,170569076,170569131,170569382,2,251,86,0.5664739330696176
2000,170569076,170569143,170569386,2,242,85,0.6897799856732284
2001,170569077,170569143,170569386,2,242,87,0.7924239159599226
2002,170569078,170569143,170569393,2,249,86,0.09140536903032037
2003,170569078,170569156,170569400,2,244,92,0.4711683369439196
2004,170569079,170569219,170569463,2,244,87,0.41047617722278784
2005,170569079,170569480,170569724,2,244,95,0.6453104135457558
2006,170569080,170569480,170569739,2,259,86,0.06009858747530161
2007,170569081,170569480,170569732,2,252,85,0.0922228796543586
2008,170569081,170569480,170569725,2,244,86,0.1632738081264974
2009,170569082,170569517,170569769,2,251,107,0.7635747007284417
2010,170569082,170569505,170569763,2,258,87,0.5493180712596363
2011,170569083,170569505,170569749,2,244,108,0.1247872384623826
2012,170569084,170569517,170569763,2,246,86,0.43823393826814194
2013,170569084,170569517,170569765,2,247,86,0.6106870222244473
2014,170569085,170569529,170569779,2,250,91,0.9140862632491898
2015,170569085,170569086,170569449,1,363,23,0.8780945523776396
2016,170569085,170569529,170569780,2,250,86,0.485554612535426
2017,170569086,170569568,170569820,2,252,90,0.1948678013687547
2018,170569087,170569568,170569821,2,253,85,0.9719567751754534
2019,170569087,170569593,170569851,2,258,87,0.1748959625950277
2020,170569088,170569593,170569839,2,245,122,0.6190624388357594
2021,170569088,170569089,170569111,2,21,17,0.17649212228359767
2022,170569088,170569593,170569838,2,245,87,0.9472836518580612
2023,170569089,170569580,170569824,2,244,88,0.304880607316227
2024,170569090,170569580,170569829,2,249,100,0.645822463352779
2025,170569090,170569593,170569840,2,247,89,0.09204777988348578
2026,170569091,170569593,170569840,2,247,103,0.24255209005795564
2027,170569091,170569593,170569870,2,277,491,0.2152477646223706
2028,170569092,170569917,170570164,2,247,93,0.5250240961137301
2029,170569093,170569943,170570198,2,255,91,0.4517838775473363
2030,170569093,170569955,170570202,2,246,87,0.2493805887189121
2031,170569094,170569955,170570232,2,276,488,0.33289553897754387
2032,170569095,170569955,170570203,2,247,89,0.8402801573611239
2033,170569095,170569955,170570184,2,228,89,0.5630150639020547
2034,170569096,170569955,170570201,2,245,86,0.9532302634626817
2035,170569096,170569955,170570201,2,245,87,0.7975075909349267
2036,170569097,170569955,170570201,2,246,86,0.29103072289766785
2037,170569098,170569955,170570209,2,253,86,0.3271803549260477
2038,170569098,170569955,170570201,2,245,89,0.8649973217234554
2039,170569099,170569955,170570201,2,245,85,0.8575771365177028
2040,170569099,170569955,170570201,2,245,85,0.3871650843585367
2041,170569100,170569955,170570202,2,246,85,0.031042028178378978
2042,170569100,170569968,170570218,2,250,85,0.3440586848136913
2043,170569101,170569993,170570245,2,252,89,0.9088624324527717
2044,170569102,170569993,170570240,2,247,89,0.6004086130813265
2045,170569102,170569993,170570241,2,247,99,0.5499786655747435
2046,170569103,170569993,170570239,2,245,86,0.417416446015185
2047,170569103,170569993,170570246,2,252,95,0.8638177580379688
2048,170569104,170570167,170570413,2,246,90,0.6909205513542155
2049,170569105,170570216,170570466,2,249,99,0.5772869624729253
2050,170569105,170570204,170570453,2,248,87,0.33167121972275637
2051,170569106,170570204,170570449,2,244,85,0.2429776985173111
2052,170569107,170570204,170570450,2,245,86,0.33244128262999784
2053,170569107,170570204,170570456,2,251,86,0.9902468018890473
2054,170569108,170570204,170570451,2,246,87,0.4875209620007559
2055,170569108,170570204,170570451,2,246,86,0.03966865962939903
2056,170569109,170570204,170570445,2,240,89,0.6168920169744626
2057,170569109,170570204,170570449,2,244,85,0.5260780179835247
2058,170569110,170570204,170570450,2,245,85,0.6642887492559962
2059,170569111,170570204,170570452,2,247,85,0.12659348260157688
2060,170569111,170570204,170570449,2,244,87,0.8457929234282813
2061,170569112,170569113,170569146,2,33,17,0.8465434516142804
2062,170569112,170570229,170570474,2,245,85,0.4928214859243091
2063,170569112,170570217,170570461,2,244,89,0.8412157756862103
2064,170569113,170570217,170570466,2,249,89,0.4936871733829725
2065,170569114,170570217,170570462,2,245,86,0.09451708637107525
2066,170569114,170569118,170569168,2,50,63,0.905845348398353
2067,170569114,170570242,170570514,2,272,487,0.9996301006253945
2068,170569115,170570267,170570513,2,246,86,0.5681610069635463
2069,170569115,170570279,170570529,2,250,86,0.3082422255245888
2070,170569116,170570242,170570489,2,247,86,0.03348912450533814
2071,170569117,170570279,170570528,2,249,108,0.7580307008811346
2072,170569117,170570279,170570526,2,246,87,0.9729112378311625
2073,170569118,170570292,170570538,2,245,100,0.23621933634399583
2074,170569119,170570305,170570550,2,245,88,0.9922361464822087
2075,170569119,170570318,170570562,2,244,85,0.18417466802491134
2076,170569120,170570318,170570566,2,248,95,0.37481469192430505
2077,170569120,170570356,170570601,2,245,86,0.9413493311377757
2078,170569121,170570419,170570665,2,246,86,0.8122859657373975
2079,170569122,170570470,170570719,2,249,99,0.9254335934599827
2080,170569122,170570470,170570720,2,250,89,0.07466064468589007
2081,170569123,170570470,170570719,2,249,89,0.9862941481604864
2082,170569123,170570495,170570747,2,252,86,0.5249168145662252
2083,170569124,170570520,170570770,2,249,86,0.571950284618596
2084,170569125,170570534,170570780,2,246,87,0.9066117410248254
2085,170569125,170570559,170570803,2,244,88,0.9782635715284413
2086,170569126,170570572,170570830,2,258,107,0.7242339808956076
2087,170569126,170570611,170570859,2,247,86,0.14309985263783664
2088,170569127,170570700,170570952,2,251,89,0.2517231615795614
2089,170569128,170570726,170570975,2,249,99,0.004801657191990438
2090,170569128,170570751,170570998,2,246,86,0.5328939907692413
2091,170569129,170570777,170571023,2,245,86,0.6976275695155235
2092,170569129,170570790,170571035,2,245,87,0.9631432182747893
2093,170569130,170570816,170571066,2,249,88,0.36698949481570575
2094,170569131,170570804,170571048,2,244,86,0.7997369800576898
2095,170569131,170570804,170571050,2,246,89,0.8672180650924994
2096,170569132,170570804,170571053,2,249,92,0.3112656407863865
2097,170569133,170570842,170571098,2,256,89,0.2633028413678734
2098,170569133,170570842,170571093,2,250,85,0.6015365711954341
2099,170569134,170570842,170571088,2,245,85,0.35616687702755045
2100,170569134,170569135,170569144,2,9,17,0.6876509882468974
2101,170569159,170569159,170569179,2,20,17,0.5735813930956267
2102,170569164,170569164,170569180,2,16,17,0.545488262522541
2103,170569178,170569180,170569681,1,500,21,0.3638853043159972
2104,170569183,170569184,170569248,2,64,17,0.7358991887965745
2105,170569187,170569892,170569902,4,10,27,0.9703059539924207
2106,170569204,170569205,170569928,1,723,25,0.13639299338936295
2107,170569206,170569207,170569315,2,107,56,0.051002988543102146
2108,170569215,170569219,170569722,1,503,35,0.16004118586238136
2109,170569216,170569219,170569721,1,502,21,0.1260004934225316
2110,170569220,170576755,170577839,8,1084,129,0.2702900618217001
2111,170569221,170569467,170573056,1,3589,117,0.16304276146481844
2112,170569227,170569245,170569746,1,501,21,0.12770807572285858
2113,170569232,170569232,170569354,1,121,22,0.9348092412373681
2114,170569256,170569257,170569757,1,500,22,0.3259648370420922
2115,170569274,170569274,170569458,1,184,37,0.224764083461656
2116,170569307,170569318,170569339,2,20,56,0.5593858513184208
2117,170569333,170569344,170569367,2,23,22,0.6367757354025153
2118,170569333,170570842,170571087,2,245,85,0.8147931052637706
2119,170569334,170569344,170569373,2,29,22,0.16998290781359948
2120,170569335,170569406,170569431,2,24,92,0.6567584184045637
2121,170569335,170569406,170569430,2,23,22,0.6798793730506636
2122,170569336,170569443,170569468,2,25,22,0.8364457219732383
2123,170569336,170569406,170570130,1,724,25,0.9597014145484387
2124,170569336,170569430,170570154,1,723,39,0.16720439092027195
2125,170569340,170570855,170571103,2,248,91,0.49640740774138015
2126,170569353,170570842,170570866,64,24,416,0.5879380583323532
2130,170569389,170570880,170571125,2,244,86,0.02812873069036015
2131,170569390,170570880,170571123,2,243,86,0.07673307441274446
2132,170569390,170570880,170571134,2,253,86,0.05496289039330604
2134,170569397,170570880,170571121,2,240,86,0.6415436653697655
2135,170569404,170570880,170571128,2,247,85,0.3382430083916459
2136,170569416,170569416,170569479,2,63,45,0.29232499304008075
2137,170569464,170569467,170569530,2,63,32,0.15925996981213753
2138,170569471,170570880,170571145,2,264,483,0.8859595937303881
2139,170569473,170569475,170569597,1,121,21,0.8367043788506733
2140,170569480,170569480,170569484,1,3,17,0.8378234932691273
2141,170569483,170569492,170569513,2,21,26,0.994181531219019
2142,170569484,170569492,170569516,2,24,23,0.18635155322020913
2143,170569485,170569492,170569515,2,22,23,0.5073446362623704
2144,170569485,170569492,170569519,2,27,28,0.46645929391752783
2145,170569486,170569504,170569532,2,27,41,0.731557612983775
2146,170569489,170569492,170570217,1,724,22,0.4727133146030631
2147,170569516,170569917,170570323,1,406,39,0.3468620214331506
2148,170569529,170569529,170569534,1,5,44,0.3186617214968379
2149,170569542,170569555,170569583,2,27,41,0.597986868621017
2150,170569543,170569555,170569580,2,24,23,0.562180363050699
2151,170569544,170569555,170569604,2,49,25,0.18172916766965985
2152,170569544,170569555,170569590,2,34,487,0.2120564624121003
2153,170569545,170569568,170569601,2,33,75,0.052654016538581594
2154,170569557,170569557,170569567,1,9,20,0.28793435001840495
2155,170569568,170569568,170569870,1,302,22,0.19116646535403803
2156,170569619,170569630,170569663,2,32,25,0.26205860773152534
2157,170569619,170569630,170569648,2,18,23,0.1172001583683061
2158,170569620,170569630,170569662,2,32,48,0.7291345077086783
2159,170569621,170569630,170569661,2,31,22,0.8053763582447907
2160,170569621,170569630,170569661,2,31,36,0.4569923694402036
2161,170569662,170570457,170574780,8,4323,94,0.30763812847678174
2162,170569677,170569791,170569822,2,30,24,0.9834561979914365
2163,170569678,170569791,170569819,2,27,28,0.3710206045290376
2164,170569678,170569791,170569811,2,19,23,0.8458691056798131
2165,170569679,170569817,170569846,2,29,23,0.12094624455730807
2166,170569680,170569829,170569858,2,28,42,0.5003741747014779
2167,170569681,170569842,170570342,1,500,22,0.28962927293036245
2168,170569684,170569930,170571013,1,1082,34,0.4612387042937446
2169,170569695,170569930,170570031,1,100,32,0.18462880942835314
2170,170569721,170569842,170570345,1,503,43,0.49378930764162166
2171,170569722,170569842,170570344,1,502,57,0.5221439622221201
2172,170569731,170570944,170571191,2,247,87,0.8165057733327946
2173,170569731,170570944,170571188,2,243,86,0.49197722492112206
2174,170569738,170570944,170571195,2,251,86,0.9494601694622072
2175,170569745,170570944,170571193,2,248,85,0.20405636979009834
2176,170569746,170569842,170570342,1,500,25,0.6654191725790211
2177,170569757,170570944,170571192,2,247,85,0.16867445458949537
2178,170569757,170569854,170570356,1,502,21,0.15575843214731
2179,170569768,170569768,170570487,1,719,22,0.4224197253926757
2180,170569770,170570944,170571191,2,247,85,0.07363879099277515
2181,170569770,170571021,170571273,2,252,87,0.4779429979842732
2182,170569771,170571008,170571267,2,259,86,0.3282248148908238
2183,170569772,170571021,170571273,2,251,86,0.48062605662897184
2184,170569780,170578126,170578442,1,316,96,0.8633818371509213
2185,170569780,170578167,170579738,1,1571,74,0.26839061942833586
2186,170569784,170571021,170571273,2,251,88,0.45871350553504797
2187,170569785,170571021,170571269,2,247,86,0.7689236448255623
2188,170569828,170571047,170571294,2,247,99,0.36787872299371327
2189,170569828,170571034,170571281,2,246,86,0.4355975160033946
2191,170569829,170571060,170571305,2,244,85,0.5521438574890519
2192,170569836,170571060,170571309,2,248,86,0.6607244739898518
2194,170569842,170571060,170571307,2,247,90,0.12604245899570754
2195,170569843,170571098,170571345,2,247,85,0.20326494513440174
2196,170569844,170571098,170571345,2,247,85,0.676132831572443
2197,170569844,170571111,170571361,2,250,89,0.652522240053795
2200,170569857,170571111,170571356,2,245,86,0.5932047491051236
2201,170569863,170569866,170569885,2,19,42,0.8898791997451345
2202,170569864,170569892,170569918,2,26,42,0.41979492573867994
2203,170569865,170569917,170569944,2,27,32,0.48841492797291985
2204,170569865,170569917,170569946,2,28,23,0.7362228693358035
2205,170569866,170569917,170569946,2,28,23,0.6956014472566514
2206,170569876,170571123,170571374,2,250,86,0.6544578017104904
2207,170569926,170569928,170569938,1,9,31,0.3912731630408395
2208,170569928,170569930,170570655,1,724,46,0.6847538283187689
2209,170569958,170569968,170569986,2,18,25,0.14963613962995725
2210,170569959,170569968,170569986,2,18,32,0.3060247273348706
2211,170569960,170569968,170569985,2,17,35,0.3297711175238083
2212,170569960,170569968,170569990,2,22,23,0.6509093002227471
2213,170569961,170569968,170569989,2,21,36,0.9644554860512647
2214,170569996,170569996,170569999,1,2,31,0.09950043508598794
2215,170569998,170570043,170570065,2,22,26,0.18461273605226503
2216,170569999,170570067,170570089,2,21,26,0.7313616619886599
2217,170570000,170570092,170570113,2,21,26,0.02402284959459089
2218,170570000,170570117,170570138,2,21,26,0.4185093184177543
2219,170570001,170570142,170570162,2,20,26,0.5981669005662155
2220,170570005,170570005,170570011,2,6,17,0.8730342198011478
2221,170570057,170570057,170570062,2,4,31,0.15450589099811585
2222,170570070,170571275,170579282,1,8006,20,0.9843882488814402
2223,170570071,170571529,170579524,1,7994,28,0.9019409173837433
2224,170570096,170571529,170573240,1,1711,28,0.5284370855185864
2225,170570099,170572464,170574160,1,1696,85,0.8347526948577028
2226,170570099,170572047,170573738,1,1691,19,0.685082189277979
2227,170570100,170572464,170574153,1,1689,85,0.7847784933245018
2228,170570100,170572842,170574532,1,1689,22,0.8717244015907513
2229,170570105,170570662,170570752,1,89,44,0.1502648795759931
2230,170570117,170570117,170570121,2,3,31,0.981936425254138
2231,170570130,170570154,170570878,1,723,25,0.877998017337533
2232,170570154,170570167,170570890,1,723,26,0.4985293093453177
2233,170570166,170570167,170570190,2,22,38,0.4077283537020222
2234,170570167,170571021,170571458,1,436,57,0.24480533690649475
2235,170570167,170571046,170571527,1,480,58,0.25706224829710644
2236,170570167,170571060,170571411,1,350,64,0.6158602195389333
2237,170570167,170571060,170571448,1,387,81,0.30216684468835486
2238,170570167,170571073,170571316,1,243,59,0.503143581920483
2239,170570167,170571073,170571347,1,274,60,0.46124593390791624
2240,170570167,170571073,170571431,1,358,71,0.07951939717882672
2241,170570167,170571073,170571424,1,351,70,0.6701834955934505
2242,170570167,170571111,170571490,1,379,91,0.25004857391140534
2243,170570167,170571136,170571588,1,451,70,0.5969755646152615
2244,170570167,170570179,170570200,2,20,23,0.9765991814880294
2245,170570167,170571136,170571522,1,385,78,0.6444580386239417
2246,170570167,170571161,170571865,1,703,57,0.8692131686813562
2247,170570167,170571199,170571713,1,514,91,0.5963821933424771
2248,170570167,170571199,170571978,1,778,89,0.6346222924232786
2249,170570167,170571199,170571532,1,332,93,0.7996096481355325
2250,170570167,170571199,170571543,1,344,92,0.5849032223756601
2251,170570167,170571212,170571570,1,358,75,0.23304372296260878
2252,170570167,170571212,170571770,1,558,70,0.10490958430598196
2253,170570167,170571224,170571656,1,431,101,0.34542495325476263
2254,170570168,170571237,170571501,1,263,89,0.7028139296720209
2255,170570168,170571237,170571454,1,216,70,0.6394757906903157
2256,170570168,170571237,170571598,1,361,71,0.5075937495847478
2257,170570168,170571237,170572107,1,870,70,0.5609477140965309
2258,170570168,170571237,170571551,1,314,70,0.5075729706024845
2259,170570168,170571237,170571851,1,613,84,0.8057313617900973
2260,170570168,170571250,170571521,1,270,81,0.4683114408533272
2261,170570168,170570192,170570211,2,19,35,0.7948579693017601
2262,170570168,170571250,170571570,1,320,67,0.06156086387797455
2263,170570168,170571250,170572097,1,846,66,0.6517884841698464
2264,170570168,170571250,170571517,1,266,67,0.04718346242817162
2265,170570168,170571250,170572126,1,876,67,0.29778084137818683
2266,170570168,170571250,170571615,1,365,85,0.3360482036461043
2267,170570168,170571263,170571611,1,348,58,0.9346113949280092
2268,170570168,170571275,170571901,1,625,69,0.6608594040915683
2269,170570168,170571263,170571587,1,323,57,0.4446199522063169
2270,170570168,170571263,170571606,1,342,99,0.33736242451807485
2271,170570168,170571263,170571626,1,363,58,0.19262411562835313
2272,170570168,170571263,170571622,1,359,58,0.7914351065630182
2273,170570168,170571275,170571620,1,344,57,0.13875446596268948
2274,170570168,170571275,170571890,1,614,57,0.729444485346866
2275,170570168,170571275,170571637,1,361,57,0.7389169409244959
2276,170570168,170571275,170571625,1,349,58,0.5716679773033533
2277,170570168,170571275,170571625,1,349,57,0.4071849853858911
2278,170570168,170571275,170571788,1,512,67,0.6834084793789476
2279,170570168,170571275,170571794,1,518,60,0.2958761138189485
2280,170570168,170571275,170572009,1,733,66,0.8233498026689097
2281,170570168,170571275,170571608,1,332,57,0.4814282719576104
2282,170570168,170571275,170571623,1,347,57,0.7859831794238297
2283,170570168,170570192,170570211,2,19,26,0.04797851379675444
2284,170570168,170571275,170571605,1,330,57,0.6551909869849425
2285,170570168,170571288,170571775,1,487,78,0.3125104703299779
2286,170570168,170571288,170571793,1,504,85,0.6584778716422415
2287,170570168,170571288,170571472,1,184,87,0.9135879739556803
2288,170570168,170571288,170571820,1,531,57,0.2536025727835739
2289,170570169,170571288,170571615,1,326,75,0.29538982448447604
2290,170570169,170571301,170571845,1,543,58,0.895494897138957
2291,170570169,170571301,170571935,1,634,69,0.5432362191211464
2292,170570169,170571301,170571621,1,319,57,0.129656234246477
2293,170570169,170571301,170571699,1,398,57,0.07439464989854438
2294,170570169,170571301,170571615,1,314,71,0.2806324492684711
2295,170570169,170571313,170571683,1,369,103,0.038757667068707424
2296,170570169,170571313,170571932,1,618,58,0.18813282341957926
2297,170570169,170571313,170572049,1,735,58,0.5090578156455839
2298,170570169,170571313,170571518,1,204,86,0.524352030157235
2299,170570169,170571313,170571608,1,294,85,0.7608363813143966
2300,170570169,170571313,170571647,1,333,90,0.5979732154821386
2301,170570169,170571313,170571688,1,375,85,0.8452175947852975
2302,170570169,170570204,170570223,2,18,24,0.9205655361478098
2303,170570170,170571326,170571686,1,359,59,0.6379197238001073
2304,170570170,170571326,170571880,1,553,88,0.8721557214486986
2305,170570170,170571339,170571979,1,639,76,0.49090278469975335
2306,170570170,170571339,170571659,1,319,75,0.8990981693128838
2307,170570170,170571352,170571851,1,499,78,0.7793860236483173
2308,170570170,170571352,170571866,1,513,85,0.023954265143736442
2309,170570170,170571352,170571829,1,477,85,0.6103685369501654
2310,170570170,170571352,170571838,1,486,85,0.7601907055696251
2311,170570170,170571352,170571672,1,319,85,0.16968536810045354
2312,170570170,170571365,170571846,1,481,57,0.05864053915916756
2313,170570171,170571365,170571741,1,376,57,0.030499028206238954
2314,170570171,170571365,170571660,1,295,63,0.9164195332844991
2315,170570171,170571365,170571762,1,397,57,0.3459442283978641
2316,170570171,170571365,170571848,1,482,58,0.4820517528442405
2317,170570171,170571377,170571706,1,329,71,0.9509871379515288
2318,170570171,170571377,170571711,1,333,57,0.11198373575447418
2319,170570171,170571377,170571698,1,320,58,0.421259452267974
2320,170570171,170571377,170571908,1,530,58,0.43320921053124584
2321,170570171,170571390,170571972,1,582,57,0.3188229272562989
2322,170570171,170571390,170571865,1,475,57,0.8963412966910157
2323,170570171,170571390,170571622,1,232,57,0.7770098672111392
2324,170570171,170571390,170571733,1,343,58,0.17851544090492277
2325,170570171,170571390,170571797,1,407,58,0.5975493011642317
2326,170570171,170571390,170571845,1,455,58,0.17355109186308892
2327,170570171,170571390,170571846,1,456,58,0.3123374729687656
2328,170570171,170571390,170571853,1,463,58,0.3115598376985743
2329,170570171,170571390,170571876,1,486,57,0.512142098867653
2330,170570171,170571390,170572236,1,846,58,0.17363073439448895
2331,170570171,170571415,170572288,1,873,455,0.9019031191039613
2332,170570171,170571415,170572205,1,789,93,0.9212116967671327
2333,170570171,170571415,170571746,1,330,94,0.7525613933197316
2334,170570171,170571415,170571735,1,320,91,0.5069054074959101
2335,170570171,170571428,170571965,1,536,57,0.0413867194742118
2336,170570171,170571441,170571974,1,532,95,0.09515343735248016
2337,170570171,170571454,170571880,1,426,71,0.907157453194184
2338,170570171,170571454,170571890,1,436,70,0.9766216353961762
2339,170570171,170571454,170571809,1,355,71,0.3168451309572423
2340,170570171,170571454,170572066,1,612,70,0.2702831326394133
2341,170570171,170571454,170572046,1,592,70,0.2380592842176954
2342,170570171,170571454,170571801,1,347,70,0.5377951079886597
2343,170570171,170571454,170571803,1,349,70,0.7448270282867274
2344,170570171,170571454,170571800,1,346,70,0.21615462284394216
2345,170570171,170571466,170571982,1,516,69,0.06786588818728101
2346,170570172,170571466,170572036,1,570,70,0.8023976411005317
2347,170570172,170571466,170571737,1,270,70,0.8594465191605168
2348,170570172,170571466,170571773,1,307,70,0.9305640167534159
2349,170570172,170571466,170571648,1,181,70,0.8336660354583375
2350,170570172,170571529,170571845,1,316,101,0.4483450405861179
2351,170570172,170571529,170572041,1,511,80,0.6846264445110197
2352,170570172,170571529,170571995,1,465,75,0.16375810245510747
2353,170570172,170571529,170571990,1,460,77,0.10593903720935427
2354,170570172,170571529,170572036,1,506,77,0.4304191554864848
2355,170570172,170571136,170571380,2,244,85,0.6236519590107954
2356,170570172,170571529,170571876,1,346,77,0.5237599940171316
2357,170570172,170571529,170571912,1,382,70,0.26486370813962523
2358,170570172,170571529,170571820,1,290,58,0.891344974215049
2359,170570172,170571529,170571801,1,272,57,0.5595147561878662
2360,170570172,170571529,170572040,1,510,58,0.8487427027662072
2361,170570172,170571529,170571877,1,348,81,0.052326115970173115
2362,170570172,170571529,170571876,1,346,85,0.1965125681584915
2363,170570172,170571555,170572145,1,590,58,0.4369382123651122
2364,170570172,170571555,170571818,1,263,58,0.9607697707010794
2365,170570172,170571568,170571879,1,310,75,0.9402990097241984
2366,170570172,170571568,170571940,1,371,57,0.6689292488562528
2367,170570172,170571594,170571943,1,348,57,0.4490630917725871
2368,170570172,170571581,170572011,1,430,56,0.4837596485277932
2369,170570175,170571594,170572403,1,809,57,0.486510740241626
2370,170570175,170571594,170572253,1,659,82,0.8665103550467195
2371,170570175,170571619,170572124,1,504,71,0.16899223974532762
2372,170570175,170571619,170571993,1,374,60,0.3118962418936355
2373,170570175,170571606,170572126,1,519,112,0.05562479966752554
2374,170570175,170571619,170572165,1,545,57,0.600626512534568
2375,170570175,170571619,170571993,1,374,66,0.5305387428780246
2376,170570175,170571619,170572065,1,446,57,0.12618821275290193
2377,170570175,170571619,170572110,1,490,110,0.1314140525704407
2378,170570175,170571619,170572195,1,575,89,0.9631033962802525
2379,170570175,170571619,170572009,1,389,71,0.9743001980270433
2380,170570175,170571619,170572208,1,588,71,0.2753639800891061
2381,170570175,170571619,170572605,1,986,62,0.400861658608877
2382,170570175,170571632,170572421,1,789,68,0.8580395615427057
2383,170570175,170571632,170572419,1,787,58,0.4321341669070946
2384,170570175,170571632,170572064,1,432,57,0.5502365239062476
2385,170570175,170571632,170572206,1,574,61,0.9366844211410885
2386,170570175,170571632,170572073,1,441,62,0.7441484438861435
2387,170570175,170571632,170572067,1,435,60,0.004014948218032943
2388,170570175,170571632,170572065,1,433,63,0.33902807280784153
2389,170570175,170571632,170572211,1,579,62,0.42744999427470576
2390,170570175,170571657,170572036,1,379,90,0.41400246787048267
2391,170570175,170571670,170572459,1,789,81,0.7635357779766119
2392,170570175,170571657,170572052,1,395,57,0.8639723011365738
2393,170570175,170571670,170572114,1,443,92,0.9313058751867017
2394,170570176,170571670,170572095,1,425,89,0.13409113265714312
2395,170570176,170571670,170571861,1,191,92,0.42134709260766245
2396,170570176,170571682,170572589,1,907,92,0.8922846887344343
2397,170570176,170571682,170571890,1,208,71,0.6340033887125432
2398,170570176,170571695,170571876,1,181,67,0.7911645007185253
2399,170570176,170571695,170572039,1,344,69,0.6099886622505445
2400,170570176,170571720,170572054,1,334,63,0.46460482870408093
2401,170570176,170571707,170572246,1,538,64,0.7380688754913933
2402,170570176,170571720,170572046,1,325,63,0.7446342478808983
2403,170570176,170571720,170572176,1,455,72,0.9341821264247775
2404,170570176,170571745,170572192,1,446,57,0.4953416848601718
2405,170570176,170571745,170572092,1,347,89,0.0033725067331976666
2406,170570176,170571745,170572094,1,348,57,0.8300820547246233
2407,170570176,170571758,170572355,1,597,75,0.5599517884749657
2408,170570176,170571771,170572126,1,354,73,0.29684725603276674
2409,170570176,170571784,170572374,1,590,57,0.657433069670013
2410,170570176,170571784,170572141,1,357,57,0.7819919735732583
2411,170570176,170571796,170572375,1,578,66,0.4661170428843865
2412,170570176,170571809,170572402,1,593,58,0.2371074471051159
2413,170570176,170571796,170572564,1,767,57,0.8602580956550693
2414,170570176,170571796,170572159,1,362,76,0.6926324584176877
2415,170570176,170571809,170572206,1,397,57,0.5664611800276738
2416,170570176,170571809,170572154,1,345,57,0.3903417777361715
2417,170570176,170571809,170572233,1,424,69,0.997367219615442
2418,170570176,170571809,170572241,1,431,61,0.24162115383810423
2419,170570176,170571809,170572314,1,505,68,0.7109486530975109
2420,170570176,170571821,170572399,1,577,58,0.13386255824685656
2421,170570176,170571821,170572342,1,520,61,0.9018733454872223
2422,170570176,170571821,170572242,1,420,58,0.4795589124252476
2423,170570176,170571859,170572182,1,322,65,0.21183774842087066
2424,170570176,170571859,170572048,1,189,64,0.06791663526401526
2425,170570176,170571859,170572373,1,513,58,0.9631993954644336
2426,170570176,170571859,170572261,1,401,66,0.5914997507920667
2427,170570177,170571859,170572362,1,502,59,0.9740227034653941
2428,170570177,170571859,170572545,1,685,58,0.48896516903957055
2429,170570177,170571859,170572046,1,187,70,0.23932422572884238
2430,170570177,170571859,170572701,1,842,58,0.6683491121366423
2431,170570177,170571859,170572732,1,872,86,0.6964600210057159
2432,170570177,170571872,170572272,1,400,83,0.217555272255471
2433,170570177,170571872,170572326,1,454,81,0.7929824582645532
2434,170570179,170571872,170572390,1,518,93,0.824869522981769
2435,170570180,170571872,170572415,1,543,110,0.10594842105348523
2436,170570180,170571884,170572396,1,512,72,0.37612982305698817
2437,170570180,170571884,170572290,1,405,58,0.1042461461916484
2438,170570180,170571884,170572239,1,355,89,0.5025860217142905
2439,170570180,170571884,170572591,1,707,68,0.609306503941552
2440,170570180,170571884,170572259,1,374,57,0.5407119301636418
2441,170570180,170571884,170572416,1,532,92,0.8320348197550703
2442,170570180,170571896,170572257,1,360,86,0.4292981251589655
2443,170570180,170571896,170572287,1,391,84,0.5513823116885717
2444,170570180,170571896,170572428,1,531,93,0.6911900502865528
2445,170570180,170571909,170572508,1,599,71,0.7391265659611036
2446,170570180,170571909,170572435,1,526,71,0.9661834846890177
2447,170570180,170571921,170572801,1,879,95,0.40164453590164617
2448,170570180,170571946,170572819,1,872,70,0.9863163247698795
2449,170570180,170571946,170572457,1,511,73,0.39849196935999176
2450,170570180,170571946,170572128,1,182,70,0.6627051435515932
2451,170570180,170571959,170572467,1,508,89,0.5696760024028807
2452,170570180,170571971,170572452,1,481,57,0.6244385775283513
2453,170570180,170571997,170572516,1,518,57,0.9578322964704269
2454,170570180,170571984,170572499,1,515,89,0.007991750022351085
2455,170570180,170571984,170572475,1,491,58,0.044046588197738656
2456,170570180,170571984,170572558,1,574,82,0.9564218503845746
2457,170570180,170571984,170572630,1,646,58,0.19155828921201323
2458,170570180,170571984,170572693,1,709,57,0.4360892529382385
2459,170570180,170571984,170572461,1,477,69,0.8716246005941741
2460,170570180,170571997,170572461,1,464,58,0.4937124445285922
2461,170570180,170571997,170572464,1,467,61,0.6658195984372339
2462,170570181,170571997,170572194,1,197,57,0.5370020313901777
2463,170570181,170571997,170572687,1,689,58,0.005353309726089273
2464,170570181,170572009,170572331,1,321,88,0.03435725502894027
2465,170570181,170572022,170572367,1,345,78,0.7706208908416995
2466,170570181,170572022,170572535,1,513,57,0.35989289522876444
2467,170570181,170572022,170572345,1,322,57,0.2953175333589838
2468,170570181,170572022,170572453,1,430,79,0.8795826386154659
2469,170570181,170572022,170572355,1,332,57,0.3574208323444723
2470,170570181,170572047,170572404,1,357,57,0.770640911446129
2471,170570181,170572047,170572412,1,365,103,0.25644188898710696
2472,170570181,170572060,170572684,1,624,57,0.38749423491111834
2473,170570181,170572047,170572459,1,412,63,0.36249510015077424
2474,170570181,170572060,170572648,1,588,63,0.40301191820859283
2475,170570181,170572047,170572461,1,413,73,0.2503246174244331
2476,170570181,170572060,170572247,1,187,57,0.7048736276193205
2477,170570181,170572047,170572895,1,847,67,0.8792280127266119
2478,170570181,170572047,170572235,1,187,58,0.6028995222460828
2479,170570181,170572060,170572591,1,531,59,0.23328677731254654
2480,170570181,170572060,170572327,1,267,58,0.21949773387027371
2481,170570181,170572047,170572613,1,566,62,0.19235040617289645
2482,170570181,170572060,170572547,1,487,57,0.34223786849447824
2483,170570181,170572060,170572569,1,509,59,0.5705322414104762
2484,170570181,170572060,170572248,1,188,57,0.7745707494748265
2485,170570181,170572060,170572705,1,645,58,0.2121014946184312
2486,170570181,170572060,170572247,1,187,57,0.25355067740569703
2487,170570181,170572060,170572688,1,628,78,0.4736158290407594
2488,170570181,170572060,170572763,1,703,58,0.5825330350344053
2489,170570181,170572072,170572778,1,705,92,0.4259857989101218
2490,170570181,170572072,170572251,1,178,85,0.34619882031452154
2491,170570181,170572072,170572588,1,516,68,0.7332333555002346
2492,170570181,170572085,170572475,1,390,95,0.37030363648158593
2493,170570181,170572085,170572271,1,185,88,0.5621612727407092
2494,170570182,170572085,170572683,1,598,89,0.8129862073421095
2495,170570182,170572110,170572327,1,216,71,0.22528292266180072
2496,170570182,170572097,170572796,1,698,98,0.7747572562602246
2497,170570182,170572097,170572473,1,375,56,0.9841050697738628
2498,170570182,170572097,170572692,1,594,57,0.972019849352026
2499,170570183,170572110,170572616,1,505,57,0.15703176339716285
2500,170570183,170572110,170572298,1,187,57,0.8927132737167509
2501,170570183,170572110,170572823,1,713,57,0.07315360246165814
2502,170570183,170572110,170572296,1,185,87,0.5981051174825603
2503,170570183,170572110,170572374,1,264,88,0.5551748351471292
2504,170570183,170572110,170572614,1,503,98,0.8905421650269202
2505,170570183,170572110,170572485,1,375,94,0.12331409453876974
2506,170570183,170572123,170572538,1,415,92,0.6411687476413318
2507,170570183,170572135,170572481,1,346,81,0.34917386620559165
2508,170570183,170572135,170572495,1,359,69,0.9442999595986518
2509,170570183,170572135,170572561,1,425,84,0.9595552420875977
2510,170570183,170572135,170572687,1,551,58,0.6765326738457642
2511,170570183,170572135,170572918,1,783,58,0.06749852898834996
2512,170570183,170572148,170572962,1,814,63,0.9773036791481304
2513,170570183,170572173,170572568,1,394,93,0.1641647705068332
2514,170570183,170572173,170572580,1,406,57,0.23847612977155974
2515,170570184,170572198,170572450,1,251,57,0.4448248996639447
2516,170570184,170572211,170572613,1,401,65,0.7020462212630803
2517,170570184,170572224,170572412,1,188,58,0.49699795347032005
2518,170570184,170572237,170572423,1,186,87,0.7322568111503946
2519,170570184,170572237,170573054,1,816,59,0.9347767030671783
2520,170570184,170572250,170572433,1,183,58,0.48671314680579947
2521,170570184,170572250,170572466,1,216,64,0.7617736431027731
2522,170570184,170572250,170572512,1,262,57,0.2649758870202601
2523,170570184,170572262,170572749,1,486,57,0.9905295260269081
2524,170570184,170572275,170572461,1,186,57,0.255231545284764
2525,170570184,170572275,170572459,1,184,69,0.393051011180928
2526,170570184,170572287,170572760,1,472,58,0.5532953665063571
2527,170570184,170572287,170572675,1,387,57,0.11548186955702755
2528,170570184,170572300,170573172,1,872,57,0.8385195630130343
2529,170570184,170572300,170572731,1,431,58,0.8515404465519493
2530,170570184,170572300,170572731,1,431,79,0.5966064890772375
2531,170570184,170572312,170572863,1,550,86,0.8066761682838829
2532,170570184,170572325,170572884,1,558,94,0.7234476562066311
2533,170570184,170572325,170572770,1,444,92,0.4899428518902935
2534,170570184,170572325,170572839,1,514,93,0.2655137389350384
2535,170570184,170572337,170572765,1,427,63,0.9252938029739574
2536,170570184,170572337,170572902,1,564,90,0.7256546681431267
2537,170570184,170572337,170572950,1,612,112,0.06808051936023174
2538,170570184,170572350,170572759,1,409,88,0.3388776161281454
2539,170570184,170572350,170572771,1,420,81,0.7784999569160709
2540,170570184,170572350,170572560,1,210,91,0.24472072774926956
2541,170570184,170572363,170572544,1,181,115,0.08959428603047814
2542,170570184,170572388,170572573,1,185,75,0.5218851025471852
2543,170570184,170572375,170572555,1,179,70,0.61408150128975
2544,170570184,170572388,170572796,1,407,99,0.5545573037057351
2545,170570184,170572388,170572652,1,263,101,0.4541351262667134
2546,170570184,170572388,170573199,1,811,70,0.610118930990177
2547,170570185,170572388,170572579,1,191,69,0.8241596446275709
2548,170570185,170572400,170572579,1,178,63,0.35606977458550215
2549,170570185,170572400,170572586,1,186,64,0.13444311289971855
2550,170570185,170572400,170573187,1,786,85,0.46349431791788154
2551,170570185,170572426,170573245,1,819,57,0.2722840708901726
2552,170570185,170572413,170572597,1,183,58,0.27579500506561283
2553,170570185,170572413,170572602,1,189,79,0.17492731288999552
2554,170570185,170572426,170573224,1,798,57,0.8497658792696208
2555,170570185,170572426,170572607,1,181,69,0.9520239048509757
2556,170570185,170572426,170572606,1,180,78,0.43455409923524535
2557,170570185,170572426,170572616,1,190,63,0.31682215307042394
2558,170570185,170572426,170572798,1,372,57,0.1768365025608145
2559,170570185,170572426,170572632,1,206,58,0.15969723458625507
2560,170570185,170572426,170572617,1,191,88,0.08181728348795314
2561,170570185,170572438,170572619,1,181,68,0.14231631227572816
2562,170570185,170572438,170572653,1,215,58,0.6627337181995423
2563,170570185,170572438,170572619,1,181,58,0.4529093862683269
2564,170570187,170572438,170572866,1,427,58,0.7681000092859336
2565,170570187,170572438,170573083,1,644,57,0.14487852797042888
2566,170570187,170572464,170573279,1,815,68,0.09625730222406514
2567,170570187,170572464,170573277,1,813,58,0.9557948660003432
2568,170570187,170572464,170573284,1,820,64,0.5682363476245202
2569,170570187,170572464,170573289,1,825,118,0.03665724876163534
2570,170570187,170572464,170573121,1,656,61,0.19796693684818767
2571,170570187,170572464,170573498,1,1034,61,0.4126570126068433
2572,170570187,170572464,170573452,1,988,58,0.38007054725782385
2573,170570187,170572464,170573304,1,840,57,0.7728665859616487
2574,170570187,170572464,170573168,1,704,58,0.2248077665369037
2575,170570187,170572464,170573155,1,690,73,0.8915375357596731
2576,170570187,170572464,170573287,1,823,80,0.41291643305991477
2577,170570187,170572464,170573327,1,863,102,0.10794049384263105
2578,170570187,170572476,170573292,1,815,87,0.7866251284698154
2579,170570187,170572489,170573258,1,769,87,0.3570125674540402
2580,170570187,170572476,170573270,1,794,86,0.7159420181241577
2581,170570187,170572489,170573252,1,763,87,0.37121289765975185
2582,170570187,170572476,170573497,1,1021,88,0.6446890049896007
2583,170570187,170572476,170573517,1,1041,88,0.0975755309490629
2584,170570187,170572476,170573828,1,1352,98,0.07974667559006354
2585,170570187,170572489,170573594,1,1105,109,0.6007352842964591
2586,170570187,170572501,170573624,1,1122,86,0.8552542417513975
2587,170570187,170572501,170573623,1,1121,89,0.31987979141603606
2588,170570187,170572501,170573608,1,1106,84,0.0013216244698075474
2589,170570187,170572501,170573316,1,814,87,0.7949036167013293
2590,170570187,170572501,170573579,1,1078,83,0.6257085244172704
2591,170570187,170572501,170573559,1,1057,85,0.4103555313362741
2592,170570187,170572514,170573276,1,761,71,0.8970476408913983
2593,170570187,170572514,170573536,1,1021,70,0.4483851313571603
2594,170570187,170572514,170572945,1,431,70,0.15657275669182358
2595,170570188,170572514,170572894,1,379,71,0.9294751631642637
2596,170570188,170572514,170572728,1,214,70,0.9814808966499943
2597,170570188,170572514,170572940,1,426,91,0.014105541356938645
2598,170570188,170572527,170573259,1,732,60,0.30928181424471657
2599,170570188,170572527,170573120,1,593,65,0.25998842778982456
2600,170570188,170572527,170572948,1,421,76,0.34993138300404714
2601,170570188,170572527,170573044,1,517,61,0.08864209509007914
2602,170570188,170572539,170573084,1,544,57,0.4114471687361305
2603,170570188,170572552,170573264,1,711,89,0.40575797375775247
2604,170570188,170572552,170573262,1,710,58,0.8639756294925941
2605,170570188,170572552,170573355,1,803,57,0.3207491547651775
2606,170570188,170572552,170573567,1,1015,57,0.9447530893498357
2607,170570188,170572552,170573596,1,1043,73,0.889517708095449
2608,170570188,170572552,170573315,1,763,58,0.03894851034933999
2609,170570188,170572552,170573308,1,756,58,0.7621858470745636
2610,170570188,170572552,170573310,1,758,57,0.45161958728211404
2611,170570188,170572564,170573346,1,781,91,0.9896327509345221
2612,170570188,170572577,170573345,1,768,103,0.4247737073104637
2613,170570188,170572564,170573600,1,1035,80,0.4821863644995049
2614,170570188,170572564,170573750,1,1185,58,0.36638647200689545
2615,170570188,170572577,170573662,1,1084,63,0.13020658822986708
2616,170570188,170572577,170573633,1,1055,58,0.24547580972882088
2617,170570188,170572577,170573644,1,1067,59,0.7845083287997187
2618,170570188,170572590,170573771,1,1181,58,0.2098339267652548
2619,170570188,170572603,170573677,1,1074,65,0.6513210347057178
2620,170570188,170572590,170573560,1,970,77,0.03853706058504558
2621,170570188,170572616,170573678,1,1062,60,0.27581914262170115
2622,170570188,170572590,170573798,1,1208,58,0.7887024551119814
2623,170570188,170572590,170573350,1,760,84,0.9909959421039392
2624,170570188,170572603,170573045,1,441,84,0.9148564559099578
2625,170570188,170572603,170573256,1,652,58,0.2786028424104341
2626,170570188,170572603,170573358,1,754,79,0.3504873555545964
2627,170570189,170572603,170573596,1,992,60,0.1919075023221235
2628,170570189,170572616,170573396,1,779,62,0.3773526231634876
2629,170570190,170572616,170572798,1,182,86,0.19285128320540912
2630,170570190,170572616,170572799,1,183,58,0.8235140940495794
2631,170570190,170572616,170572822,1,206,57,0.50840078882241
2632,170570190,170572616,170572824,1,208,58,0.9152826030426424
2633,170570190,170572616,170572803,1,186,57,0.6000141553297001
2634,170570190,170572628,170572807,1,179,58,0.5799374598534612
2635,170570190,170572628,170573450,1,821,106,0.6728703580978003
2636,170570190,170572628,170573522,1,894,58,0.6984750831965837
2637,170570190,170572628,170573550,1,922,95,0.6533335358698822
2638,170570190,170572641,170573713,1,1072,59,0.7393183998302233
2639,170570190,170572641,170573775,1,1134,87,0.5916010305011604
2640,170570190,170572653,170573417,1,763,63,0.010922785154908632
2641,170570190,170572653,170572846,1,193,78,0.7945145963858402
2642,170570190,170572653,170573495,1,842,58,0.21009736752580432
2643,170570190,170572653,170573476,1,822,58,0.7029691104966265
2644,170570190,170572666,170572848,1,182,58,0.052088341245940195
2645,170570190,170571136,170571382,2,246,86,0.3211721563307012
2646,170570190,170572678,170573480,1,801,58,0.9780929478219457
2647,170570191,170572691,170573666,1,975,58,0.2969263122797654
2648,170570191,170572691,170573728,1,1037,58,0.5862786127767643
2649,170570191,170572691,170573750,1,1059,58,0.65759103940985
2650,170570191,170572691,170573730,1,1039,79,0.43910694130619976
2651,170570191,170572691,170573745,1,1054,58,0.6809572836141021
2652,170570191,170572691,170573624,1,932,80,0.7585335582520836
2653,170570191,170572691,170573622,1,930,58,0.8018966667406601
2654,170570191,170572691,170574000,1,1309,63,0.623450987703773
2655,170570191,170572691,170573778,1,1087,60,0.08749369941758145
2656,170570191,170572691,170573461,1,770,59,0.7786543002903968
2657,170570191,170572703,170573483,1,779,58,0.4737198507375444
2658,170570191,170572703,170573501,1,797,64,0.36780963461486726
2659,170570191,170572729,170573781,1,1052,96,0.8741820973936413
2660,170570191,170572716,170573200,1,484,92,0.9270244229446002
2661,170570191,170572716,170573210,1,494,89,0.7266867467761025
2662,170570191,170572742,170573275,1,533,95,0.28736577870484636
2663,170570191,170572742,170573243,1,501,77,0.25989024985094267
2664,170570191,170572742,170573243,1,501,94,0.7514173647033343
2665,170570191,170572754,170573239,1,484,70,0.9041153022570125
2666,170570191,170572766,170573497,1,730,70,0.5739610554142105
2667,170570191,170572792,170573308,1,516,58,0.9820962080418228
2668,170570191,170572766,170573310,1,544,70,0.11891980516808098
2669,170570191,170572766,170573595,1,828,70,0.571582884408763
2670,170570191,170572779,170573515,1,735,58,0.06586573496387294
2671,170570191,170572779,170573751,1,971,58,0.5985569408539904
2672,170570191,170572805,170573728,1,923,58,0.3424154200974914
2673,170570191,170572805,170573800,1,995,71,0.812050864266218
2674,170570191,170572805,170573628,1,823,71,0.9896861878471522
2675,170570191,170572805,170573849,1,1044,58,0.2544574188345371
2676,170570191,170572805,170573799,1,994,58,0.629633988671597
2677,170570191,170572805,170574006,1,1201,58,0.7125124255382543
2678,170570191,170572805,170573824,1,1019,62,0.23496919124305116
2679,170570191,170572805,170573993,1,1188,63,0.2487452544403982
2680,170570192,170572817,170573878,1,1061,59,0.8559750110039158
2681,170570192,170572830,170574017,1,1187,72,0.2419582224244039
2682,170570192,170572830,170573887,1,1057,80,0.5021475552390106
2683,170570192,170572830,170573999,1,1169,71,0.30394025662448143
2684,170570192,170572830,170573753,1,923,80,0.4792026908216247
2685,170570192,170572842,170573752,1,909,70,0.8641000286125767
2686,170570192,170572842,170573770,1,927,84,0.9897983886646605
2687,170570192,170572855,170573919,1,1064,71,0.6744064431519566
2688,170570192,170572855,170573750,1,895,73,0.9556763420583307
2689,170570192,170572867,170573936,1,1069,61,0.8493510410353589
2690,170570192,170572867,170573047,1,179,103,0.02110032822564878
2691,170570192,170572892,170573072,1,180,57,0.09121435137309697
2692,170570192,170572904,170573090,1,185,86,0.9769970021476218
2693,170570192,170572904,170573735,1,830,67,0.34793625810544726
2694,170570192,170572917,170573979,1,1062,58,0.5443763563786765
2695,170570203,170571149,170571412,2,263,482,0.304800799603243
2696,170570204,170571149,170571394,2,245,86,0.7258312511003661
2697,170570204,170571161,170571405,2,244,85,0.9470353660793542
2698,170570205,170571199,170571439,2,240,86,0.05957043440002874
2699,170570206,170571199,170571445,2,245,87,0.7486056737638628
2700,170570206,170571199,170571441,2,242,86,0.1458212057463817
2701,170570207,170571199,170571449,2,249,86,0.23477779286755285
2702,170570207,170571212,170571458,2,246,86,0.2939460594017612
2703,170570208,170571276,170571522,2,246,86,0.24395113812578784
2704,170570209,170571276,170571519,2,243,87,0.15651379124526865
2705,170570215,170571276,170571522,2,246,86,0.029227715971909096
2706,170570217,170570229,170570953,1,724,26,0.05142966881468225
2707,170570221,170570305,170570489,1,183,22,0.07684596189756898
2708,170570222,170571288,170571535,2,246,87,0.23958877143166135
2709,170570224,170570229,170570301,2,71,35,0.27913736459458216
2710,170570225,170570229,170570248,2,18,23,0.06725100704129983
2711,170570235,170571288,170571342,2,54,84,0.6064257953264819
2712,170570241,170571352,170571433,2,81,84,0.24568886331942574
2713,170570248,170571504,170571746,2,242,87,0.2124379119803691
2714,170570248,170571529,170571779,2,249,86,0.7173781729260869
2715,170570248,170570254,170570305,2,51,65,0.30182162835234894
2716,170570249,170571529,170571772,2,243,86,0.2618024431253766
2717,170570249,170570254,170570304,2,50,66,0.014654380738271744
2718,170570250,170571542,170571788,2,246,86,0.6157669031099737
2719,170570251,170570254,170570304,2,50,63,0.21659531805659415
2720,170570252,170570254,170570305,2,50,75,0.6168843639042495
2721,170570253,170570254,170570306,2,51,71,0.9460894849254183
2722,170570260,170573053,170581517,4,8463,40,0.005571078683771824
3093,170570260,170572954,170581418,4,8463,46,0.011332909917692202
3098,170570260,170573041,170581504,4,8463,38,0.7776073883220154
2723,170570302,170578311,170578365,3,54,90,0.11619349738134133
2724,170570303,170570303,170570308,1,4,18,0.8325580244893223
2725,170570314,170570318,170570370,2,52,65,0.6742480718458869
2726,170570315,170570318,170570369,2,51,62,0.1173974727005982
2727,170570316,170570318,170570369,2,51,75,0.21298344966810567
2728,170570317,170570318,170570368,2,50,63,0.42373634311139075
2729,170570318,170570331,170570382,2,51,66,0.8311673695876922
2730,170570324,170570324,170570340,1,16,27,0.6436796575470206
2731,170570342,170570880,170571381,1,500,22,0.6048848502935957
2732,170570342,170570880,170571382,1,501,21,0.1641550101481145
2733,170570342,170570343,170570348,1,4,18,0.9591407907626095
2734,170570344,170570880,170571383,1,503,21,0.8726469485004933
2735,170570345,170570880,170571383,1,503,22,0.30332116299731604
2736,170570356,170570880,170571386,1,505,22,0.21263875242594166
2737,170570410,170570419,170570469,2,50,65,0.6628121466072165
2738,170570411,170570419,170570470,2,51,63,0.1920679083136283
2739,170570412,170570419,170570471,2,52,75,0.15328134459641185
2740,170570413,170570419,170570470,2,51,98,0.8137307385291048
2741,170570414,170570419,170570469,2,50,66,0.5636726992222618
2742,170570417,170570880,170579403,1,8522,58,0.21713991716019387
2743,170570417,170570880,170579403,1,8522,63,0.8380835532608971
2744,170570417,170570880,170570896,1,15,18,0.6776774272545596
2745,170570417,170570880,170579403,1,8522,68,0.6067961055682968
2746,170570417,170570880,170570901,1,21,20,0.5750184611396141
2747,170570417,170570417,170570440,2,22,18,0.859581799045153
2748,170570417,170570880,170579403,1,8522,65,0.8473008030346287
2749,170570417,170570880,170579403,1,8522,61,0.8204213914645866
2750,170570417,170570880,170579403,1,8522,47,0.5531194557988834
2751,170570418,170570880,170579403,1,8522,50,0.6577618366412908
2752,170570419,170571542,170571796,2,253,86,0.19703048123214073
2753,170570437,170570880,170570898,1,17,19,0.8609436602097194
2754,170570437,170570880,170579403,1,8522,40,0.15627420747843979
2755,170570440,170570442,170570463,2,21,18,0.1736538066896266
2756,170570450,170571758,170572005,2,247,87,0.9505430863260249
2757,170570451,170571784,170572029,2,244,86,0.522659045127655
2758,170570451,170571784,170572025,2,240,86,0.6085363071901397
2759,170570452,170571797,170572045,2,248,86,0.20477241904909582
2760,170570453,170571809,170572064,2,254,111,0.44659681091976
2761,170570453,170571834,170572080,2,246,87,0.93318490710506
2762,170570454,170571859,170572106,2,246,86,0.9307183994424084
2763,170570454,170571884,170572132,2,247,103,0.557159533971469
2764,170570455,170571921,170572170,2,249,93,0.5919420427805993
2765,170570456,170571984,170572234,2,250,87,0.20938374197515774
2766,170570461,170570462,170570484,2,22,18,0.7073891033545809
2767,170570462,170571946,170572198,2,251,107,0.8331485351497024
2768,170570469,170572034,170572280,2,246,86,0.9270044282697703
2769,170570469,170572034,170572287,2,253,86,0.5572184012711724
2770,170570470,170572047,170572294,2,247,86,0.2537760013828446
2771,170570471,170572060,170572310,2,250,86,0.4737262202259658
2772,170570475,170570482,170570532,2,50,65,0.27385195730030587
2773,170570476,170570482,170570534,2,51,98,0.38172323969835753
2774,170570477,170572072,170572323,2,250,86,0.8724405360475603
2775,170570477,170570482,170570535,2,52,62,0.141701976160719
2776,170570478,170570482,170570533,2,50,63,0.7377040329880753
2777,170570479,170570482,170570533,2,50,63,0.669425308349862
2778,170570484,170570485,170570530,2,45,18,0.11057522576895362
2779,170570495,170570495,170574382,1,3886,22,0.9555636466384415
2780,170570496,170572135,170572386,2,250,101,0.7086805929922866
2781,170570508,170570508,170570535,2,27,19,0.42522765790770756
2782,170570521,170572148,170572397,2,249,85,0.01885113536792349
2783,170570521,170572160,170572420,2,259,88,0.36805000553840994
2784,170570528,170572186,170572430,2,244,86,0.33768719631039834
2785,170570533,170570534,170570560,2,26,20,0.00016272611736545262
2786,170570535,170572211,170572461,2,249,85,0.27998902847222595
2787,170570535,170572198,170572454,2,255,111,0.23727396268509426
2788,170570541,170570546,170570601,2,54,460,0.2069403665114582
2789,170570542,170570546,170570597,2,50,65,0.35622378974226376
2790,170570542,170572211,170572457,2,246,107,0.7906031871270652
2791,170570542,170570546,170570598,2,51,62,0.8043519313238133
2792,170570543,170570546,170570598,2,51,62,0.6530109820561434
2793,170570544,170570546,170570596,2,50,62,0.5752070228311404
2794,170570555,170572211,170572464,2,252,86,0.5762489814705568
2795,170570561,170570561,170570597,2,35,19,0.9215190841823975
2796,170570567,170572250,170572494,2,244,86,0.42432008626955764
2797,170570574,170572250,170572496,2,246,85,0.3892052183043251
2798,170570597,170570599,170570625,2,25,18,0.4595477325215651
2799,170570605,170572262,170572508,2,245,86,0.5151443516145823
2800,170570606,170570611,170570668,2,56,459,0.2789343459911997
2801,170570607,170570611,170570663,2,52,65,0.3752835205132661
2802,170570608,170570611,170570662,2,51,62,0.8529715240291831
2803,170570608,170570611,170570663,2,51,62,0.25452991258430924
2804,170570609,170570611,170570663,2,51,63,0.17670971853905793
2805,170570625,170570625,170570677,2,52,19,0.28262154670347517
2806,170570655,170570880,170571605,1,724,26,0.21059420305650445
2807,170570671,170570688,170570745,2,57,459,0.6520903636735753
2808,170570672,170572262,170572509,2,247,106,0.8923732736963129
2809,170570672,170570726,170570778,2,52,71,0.5219858934052934
2810,170570673,170570726,170570776,2,50,62,0.0007730040084379386
2811,170570674,170570751,170570802,2,50,62,0.47073927814847416
2812,170570674,170570790,170570840,2,50,71,0.08163681731994044
2813,170570678,170570678,170570728,2,50,18,0.8993096689501477
2814,170570727,170572262,170572514,2,251,99,0.3754413737246134
2815,170570727,170572300,170572552,2,252,86,0.4358832671085583
2816,170570728,170572300,170572547,2,247,86,0.34200692384316833
2817,170570728,170570730,170570754,2,23,19,0.25957651279183414
2818,170570753,170572300,170572547,2,246,86,0.34064673534889445
2819,170570754,170570755,170570803,2,48,18,0.7252436884996825
2820,170570768,170582410,170582773,16,362,35,0.5062286053996394
2821,170570768,170582785,170583148,16,362,35,0.34972237179604493
2822,170570768,170583245,170583610,16,364,39,0.16257311648363815
2823,170570768,170580856,170581218,4,362,47,0.40255653357369114
2824,170570769,170581291,170581653,4,362,51,0.6926389504517176
2825,170570769,170581747,170582109,4,362,30,0.8230586204157218
2826,170570769,170582325,170582689,4,363,50,0.02636897846105679
2827,170570769,170581976,170582341,8,364,31,0.35499061460540027
2828,170570769,170582593,170582956,8,362,52,0.1901831906591056
2829,170570769,170582978,170583340,8,362,53,0.4343603124226254
2830,170570777,170572363,170572609,2,246,86,0.7368021633384589
2831,170570783,170570804,170570951,1,147,20,0.3396892275495492
2832,170570784,170572388,170572640,2,251,86,0.06569641837464735
2833,170570803,170570804,170570862,2,58,19,0.36871642760041257
2834,170570809,170572426,170572677,2,251,108,0.9605094361533923
2835,170570828,170570880,170579519,1,8639,47,0.4201187971358329
2836,170570829,170570880,170579519,1,8639,36,0.05581836025313669
2837,170570834,170572438,170572685,2,246,86,0.5445287913673981
2838,170570857,170570880,170570935,2,54,65,0.05596709001260858
2839,170570858,170570880,170570936,2,55,65,0.2431277060962862
2840,170570859,170570880,170570936,2,55,61,0.9273235104396187
2841,170570860,170570880,170570937,2,56,61,0.3902636761193329
2842,170570860,170570880,170570936,2,55,61,0.4170037073502262
2843,170570864,170570864,170570958,2,94,18,0.7953134072853288
2844,170570865,170572464,170572709,2,245,88,0.6794513488529608
2845,170570878,170570880,170571605,1,724,27,0.4725826066512747
2846,170570890,170570893,170571617,1,724,26,0.4607446035867302
2847,170570913,170570913,170570917,1,4,19,0.3719244730940279
2848,170570931,170570931,170570935,1,3,20,0.679042005202828
2849,170570934,170573053,170573127,1,73,55,0.09102840939590884
2850,170570934,170573053,170573199,1,145,31,0.15952951906748492
2851,170570934,170573140,170573283,1,142,32,0.9976805458781474
2852,170570934,170573177,170576533,1,3355,57,0.9431934909619348
2853,170570934,170573177,170576903,1,3725,39,0.735349775954659
2854,170570952,170570957,170571008,2,50,62,0.4925134428526742
2855,170570953,170570957,170571009,2,52,65,0.9813942920226343
2856,170570953,170570957,170571680,1,723,28,0.5490862165397289
2857,170570954,170570982,170571033,2,51,75,0.918142848152168
2858,170570955,170570995,170571047,2,51,62,0.7520980759198759
2859,170570955,170571008,170571059,2,51,62,0.6429793895505059
2860,170570956,170572464,170572708,2,243,87,0.5123707904269973
2861,170570960,170570960,170570995,1,35,29,0.8045251762128497
2862,170570972,170570977,170571340,1,363,29,0.38958639561245745
2863,170570974,170570977,170571340,1,363,29,0.24426040992345632
2864,170570974,170570977,170571340,1,363,29,0.7152702305561338
2865,170570976,170570977,170571340,1,363,29,0.02094803493914621
2866,170570980,170572476,170572728,2,252,111,0.05994742833966371
2867,170570994,170570994,170571005,2,11,17,0.945013713461133
2868,170571005,170572565,170572815,2,250,87,0.7368808450937209
2869,170571005,170571007,170571021,2,14,43,0.8438719784498483
2870,170571021,170571021,170571043,2,21,18,0.019787782924666986
2871,170571030,170572616,170572863,2,247,103,0.023386897644321558
2872,170571043,170572616,170572862,2,246,107,0.48527849271954104
2873,170571043,170571043,170571066,2,22,42,0.6923338619071602
2874,170571055,170572716,170572966,2,249,88,0.30107075187744337
2875,170571056,170572716,170572968,2,251,87,0.6991730536949532
2876,170571056,170572742,170572987,2,245,111,0.7751617517477493
2877,170571068,170571068,170571088,2,19,18,0.44490559336977686
2878,170571069,170572779,170573030,2,250,86,0.3378359122237714
2879,170571077,170571098,170571148,2,50,62,0.3150601805187251
2880,170571087,170571087,170571097,2,10,42,0.8926552090086514
2881,170571094,170572817,170573069,2,251,87,0.8981119609333603
2882,170571094,170572867,170573115,2,248,108,0.37820908182319635
2883,170571101,170572879,170573127,2,247,87,0.1312603030720646
2884,170571102,170572929,170573181,2,252,86,0.11854489671579838
2885,170571105,170571105,170571118,2,12,18,0.21835027894491799
2886,170571108,170572979,170573225,2,245,88,0.08379034184437473
2887,170571127,170573053,170573300,2,247,112,0.2962431128407942
2888,170571127,170573078,170573327,2,249,86,0.7993269576529612
2889,170571128,170573128,170573372,2,244,96,0.8990285722060354
2890,170571135,170573140,170573391,2,250,87,0.47148160049116805
2891,170571141,170573128,170573376,2,248,92,0.935436862074658
2892,170571148,170573189,170573436,2,246,100,0.8320656351632818
2893,170571191,170573214,170573463,2,248,86,0.039536519153779204
2894,170571197,170573226,170573480,2,253,88,0.5157709593804737
2895,170571198,170573252,170573498,2,246,86,0.8026697215941534
2896,170571199,170573289,170573537,2,247,107,0.13568977504456836
2897,170571199,170573289,170573534,2,244,107,0.5625080439702492
2898,170571200,170573314,170573565,2,250,111,0.2150455023963015
2899,170571223,170571237,170571243,1,5,40,0.9717740817912043
2900,170571225,170571250,170571254,1,3,23,0.19933187471734015
2901,170571259,170571263,170571267,1,4,18,0.9320293998853416
2902,170571273,170573463,170573716,2,253,86,0.5513086545972903
2903,170571274,170573488,170573741,2,252,87,0.06522202273023603
2904,170571280,170573488,170573740,2,251,89,0.7791553196220752
2905,170571281,170573502,170573748,2,246,86,0.49590663864217643
2906,170571281,170573514,170573760,2,246,86,0.1077810775689475
2907,170571288,170573502,170573751,2,249,89,0.1720064389554291
2908,170571301,170573502,170573748,2,246,87,0.17914425102082132
2909,170571308,170573514,170573764,2,249,86,0.5282016508636644
2910,170571314,170573514,170573769,2,254,87,0.07296338934653979
2911,170571315,170573527,170573775,2,247,86,0.027077487807822154
2912,170571332,170571339,170571345,1,5,74,0.49318259643400064
2913,170571346,170573539,170573785,2,245,107,0.5312989768044787
2914,170571352,170571352,170571454,1,102,60,0.17058717376295363
2915,170571353,170573539,170573791,2,251,87,0.9639446917953888
2916,170571353,170573539,170573793,2,253,86,0.7034717699406605
2917,170571360,170573539,170573793,2,253,107,0.5135289095806891
2918,170571366,170573552,170573807,2,255,86,0.6534205390309575
2919,170571379,170573564,170573816,2,251,87,0.04435554588457857
2920,170571381,170571403,170571903,1,500,22,0.834404150995544
2921,170571382,170571403,170571906,1,502,22,0.5559716238159449
2922,170571383,170571415,170571917,1,501,28,0.6720180889152858
2923,170571383,170571441,170571944,1,503,21,0.7304456311411518
2924,170571386,170573576,170573829,2,252,111,0.5399202945246657
2925,170571386,170571441,170571944,1,503,22,0.8706362935812059
2926,170571386,170573576,170573825,2,248,86,0.6739079567081814
2927,170571398,170573488,170573509,2,20,20,0.5589887966894893
2928,170571399,170573613,170573865,2,251,108,0.21052144896369285
2929,170571412,170573601,170573845,2,244,102,0.9765135617769839
2930,170571418,170573601,170573849,2,248,95,0.04358555181860868
2931,170571436,170582325,170582646,1,320,30,0.7921747981323368
2932,170571436,170582361,170582681,1,319,30,0.6818081298962538
2933,170571436,170582447,170582764,1,316,50,0.6673747088550599
2934,170571436,170582447,170583542,1,1094,29,0.8716256921688119
2935,170571436,170582447,170582765,1,317,27,0.41940736058877603
2936,170571436,170582447,170582763,1,315,28,0.2224652976881203
2937,170571436,170582641,170582960,1,318,35,0.4380811081751894
2938,170571436,170582641,170583738,1,1097,28,0.539562298635251
2939,170571437,170573626,170573877,2,251,108,0.6909330210692735
2940,170571444,170573638,170573888,2,250,101,0.4695752633862914
2941,170571444,170573638,170573889,2,250,99,0.6744105773749944
2942,170571451,170573638,170573884,2,246,92,0.04537825085093816
2943,170571452,170573675,170573921,2,245,90,0.03253782064292654
2944,170571464,170573688,170573941,2,252,88,0.8437914205366494
2945,170571476,170571479,170572107,1,628,41,0.18684900351953837
2946,170571477,170571504,170571559,1,55,57,0.0998254419433231
2947,170571489,170571489,170571502,1,12,45,0.24034777139996766
2948,170571504,170573189,170580903,1,7714,47,0.39845125763157596
2949,170571509,170573189,170580742,1,7552,47,0.47412766403536777
2950,170571510,170573202,170580617,1,7415,58,0.18548451079692463
2951,170571511,170573202,170580588,1,7385,47,0.233096115769294
2952,170571515,170573226,170580425,1,7198,57,0.7495806485281431
2953,170571516,170573252,170580502,1,7250,46,0.7299464136273106
2954,170571517,170573252,170580570,1,7318,46,0.9469889410444697
2955,170571519,170573264,170580820,1,7555,46,0.9716026399327086
2956,170571522,170573264,170580745,1,7480,57,0.44403870018705494
2957,170571523,170573264,170580544,1,7279,58,0.3952468496789924
2958,170571524,170573264,170580465,1,7201,46,0.5823768466729875
2959,170571525,170573264,170580412,1,7147,58,0.16396553954315307
2960,170571525,170573713,170573963,2,250,87,0.09842083587082351
2961,170571526,170573725,170573975,2,250,87,0.6124319818395039
2962,170571526,170573737,170573990,2,252,95,0.42282455389910456
2963,170571528,170573277,170580589,1,7312,58,0.9857020578808435
2964,170571528,170571528,170571890,1,362,29,0.34995751562163135
2965,170571528,170571528,170571890,1,362,29,0.5361865309923914
2966,170571528,170571528,170571890,1,362,53,0.18656244035027736
2967,170571528,170571528,170571890,1,362,31,0.23851299465591702
2968,170571528,170571891,170572253,1,362,29,0.35921613440069533
2969,170571528,170571891,170572253,1,362,28,0.6911371643903746
2970,170571528,170571892,170572256,1,364,54,0.9320137933703669
2971,170571528,170571892,170572256,1,364,29,0.2975592412121023
2972,170571528,170572255,170572617,1,362,29,0.05248227340128819
2973,170571528,170572255,170572617,1,362,31,0.8085466117171863
2974,170571528,170572258,170572620,1,361,29,0.8530801280449614
2975,170571528,170572258,170572620,1,361,29,0.6299174151645869
2976,170571528,170572618,170572981,1,362,53,0.4315130390282875
2977,170571528,170572618,170572981,1,362,28,0.5050073400694721
2978,170571528,170572621,170572984,1,362,29,0.6661927427702412
2979,170571528,170572621,170572984,1,362,31,0.5821828179070312
2980,170571528,170572981,170573344,1,363,35,0.7792320483637898
2981,170571528,170572981,170573344,1,362,29,0.7064421920404939
2982,170571529,170573289,170580649,1,7359,47,0.99250337301905
2983,170571530,170573289,170580744,1,7454,46,0.5335837317501764
2984,170571531,170573289,170580971,1,7681,52,0.5793826248910812
2985,170571536,170573289,170581000,1,7710,47,0.7908953990371044
2986,170571537,170573302,170580798,1,7496,46,0.3623874609265705
2987,170571538,170573314,170580727,1,7412,58,0.6383354418083852
2988,170571539,170573314,170580679,1,7364,47,0.08116380393786549
2989,170571539,170573737,170573988,2,250,86,0.9262574148805175
2990,170571540,170573314,170580516,1,7202,87,0.98954390473923
2991,170571541,170573314,170580540,1,7225,46,0.0580530024203324
2992,170571542,170573314,170580616,1,7301,47,0.8136866810552109
2993,170571544,170573314,170580844,1,7529,46,0.7171093461704293
2994,170571565,170573327,170580859,1,7531,48,0.2613803707329144
2995,170571566,170573327,170580651,1,7323,47,0.7032101053383747
2996,170571567,170573339,170580555,1,7216,54,0.13505031660316735
2997,170571568,170573339,170580522,1,7182,47,0.9744753729566067
2998,170571571,170573339,170580684,1,7345,48,0.09521204819406948
2999,170571572,170573364,170580754,1,7390,47,0.9828103322878994
3000,170571573,170573351,170580867,1,7515,46,0.43541949729424057
3001,170571575,170573351,170581080,1,7728,46,0.5641788227074862
3002,170571580,170573364,170581050,1,7686,62,0.188307695600338
3003,170571582,170573364,170580801,1,7437,46,0.2651461122757709
3004,170571582,170573389,170580760,1,7370,47,0.22022009644567686
3005,170571584,170573389,170580713,1,7324,53,0.3753733156563519
3006,170571586,170573376,170580542,1,7165,51,0.9079812132627657
3007,170571587,170573376,170580569,1,7192,47,0.4490559394345136
3008,170571588,170573401,170580696,1,7294,47,0.5649963299259112
3009,170571589,170573401,170580896,1,7494,46,0.8062543270075085
3010,170571591,170573401,170580960,1,7558,51,0.5419948249878467
3011,170571592,170573426,170580766,1,7339,52,0.47978422818950517
3012,170571593,170573438,170580706,1,7267,100,0.770149542756566
3013,170571594,170573438,170580670,1,7231,85,0.8461859227526873
3014,170571596,170573463,170580883,1,7419,47,0.31074462511322654
3015,170571599,170573451,170580670,1,7219,46,0.6993218598455517
3016,170571600,170573488,170580747,1,7258,50,0.22022547650270852
3017,170571601,170573476,170580841,1,7364,47,0.5919657572775606
3018,170571602,170573476,170581012,1,7535,46,0.6367648265843957
3019,170571605,170571619,170572345,1,725,26,0.11863324319472657
3020,170571605,170571695,170572420,1,725,47,0.7416348935331555
3021,170571617,170571707,170572432,1,724,27,0.4331277111804426
3022,170571680,170572072,170572798,1,725,26,0.9720637295777823
3023,170571751,170573749,170573993,2,243,86,0.05449229041549908
3024,170571776,170573762,170574011,2,249,86,0.10907460764153631
3025,170571782,170573749,170573995,2,245,88,0.6464636113136487
3026,170571795,170573774,170574018,2,244,86,0.5472718203206698
3027,170571801,170573762,170574016,2,254,86,0.4376865191531206
3028,170571860,170571861,170572344,1,483,35,0.31174111088193923
3029,170571861,170571861,170572331,1,469,21,0.09084612136040293
3030,170571861,170571861,170572340,1,478,21,0.5028424861834132
3031,170571861,170571861,170572351,1,489,21,0.7155198633979016
3032,170571903,170572312,170572813,1,500,86,0.6114555640039874
3033,170571906,170572337,170572839,1,501,34,0.9441860769257948
3034,170571917,170572337,170572839,1,501,22,0.42185141651630365
3035,170571944,170572400,170572903,1,502,85,0.9872339043022075
3036,170571944,170572400,170572901,1,501,21,0.30302969897155874
3037,170572014,170573762,170574010,2,248,86,0.6623575331768347
3038,170572032,170573762,170574012,2,250,89,0.48315582322847983
3039,170572033,170573762,170574018,2,256,101,0.8535748592429887
3040,170572052,170573762,170574009,2,247,87,0.8388954992766258
3041,170572070,170573774,170574028,2,254,99,0.9453956669349373
3042,170572083,170573774,170574026,2,252,87,0.3053645282700044
3043,170572114,170573774,170574027,2,253,87,0.9622942392697571
3044,170572133,170572867,170573629,1,762,41,0.02699857187806798
3045,170572134,170572904,170573750,1,846,58,0.6656167844162983
3046,170572138,170573798,170574050,2,251,108,0.960080134972857
3047,170572175,170573786,170574037,2,251,86,0.30624225705800245
3048,170572206,170573786,170574043,2,256,88,0.7124480165043262
3049,170572237,170573798,170574042,2,243,86,0.5727062345922648
3050,170572286,170573798,170574042,2,244,86,0.8073098453266104
3051,170572292,170573798,170574046,2,247,107,0.7105785385615817
3052,170572299,170573810,170574057,2,246,87,0.10593880245394882
3053,170572318,170573810,170574056,2,245,86,0.6573462517772157
3054,170572330,170573810,170574060,2,250,99,0.659197000131966
3055,170572345,170572979,170573702,1,723,27,0.7356799854633809
3056,170572391,170573823,170574067,2,244,87,0.2559566867835722
3057,170572404,170573835,170574083,2,248,111,0.2384099570880075
3058,170572420,170573302,170574027,1,725,25,0.34621265999186035
3059,170572423,170573835,170574088,2,252,92,0.24865972951141457
3060,170572432,170573314,170574039,1,724,35,0.033918141212865516
3061,170572435,170573835,170574088,2,252,86,0.11898065998573693
3062,170572460,170573848,170574098,2,250,88,0.7113391198527268
3063,170572460,170573860,170574106,2,246,86,0.3031013446424665
3064,170572467,170573860,170574112,2,251,101,0.34887336020636606
3065,170572468,170573872,170574124,2,251,108,0.48215050554726135
3066,170572498,170573885,170574137,2,252,108,0.6513429504354362
3067,170572499,170573897,170574149,2,251,101,0.4719257258017804
3068,170572512,170573897,170574151,2,254,99,0.9681386082101723
3069,170572512,170573897,170574148,2,250,86,0.5614529075657584
3070,170572519,170573910,170574159,2,248,107,0.7602205515977463
3071,170572546,170572565,170572569,1,4,64,0.5962379332709986
3072,170572550,170573935,170574187,2,251,90,0.2840528124669973
3073,170572550,170573947,170574197,2,249,87,0.015107484094518675
3074,170572557,170573947,170574199,2,252,89,0.7572076816176878
3075,170572618,170573972,170574221,2,248,87,0.3942826435478808
3076,170572643,170573998,170574250,2,252,88,0.5646162650686565
3077,170572685,170573998,170574249,2,251,86,0.38750376746558735
3078,170572692,170573998,170574249,2,251,86,0.9339411703698071
3079,170572711,170574022,170574275,2,252,95,0.5554825184912713
3080,170572717,170574022,170574272,2,249,87,0.8450824709170768
3081,170572732,170572732,170572741,1,9,18,0.7491152020272765
3082,170572736,170574047,170574295,2,247,87,0.6340966108788412
3083,170572767,170572768,170572828,1,60,36,0.12502173251836424
3084,170572798,170573651,170574375,1,724,27,0.1627490643902585
3085,170572813,170573663,170574164,1,501,20,0.6210556162742065
3086,170572821,170574097,170574353,2,256,86,0.6390394141378961
3087,170572839,170573737,170574237,1,500,43,0.7214897483930003
3088,170572839,170573737,170574239,1,502,22,0.9329131713804119
3089,170572870,170574122,170574372,2,250,95,0.09942863936052115
3090,170572871,170574147,170574393,2,246,108,0.9224514566460548
3091,170572901,170573749,170574251,1,501,21,0.1317402137854835
3092,170572903,170573749,170574251,1,501,21,0.5765571421461256
3094,170572974,170574171,170574422,2,250,101,0.9248885314715789
3095,170572974,170574171,170574426,2,254,116,0.7758902098509359
3096,170572993,170574196,170574443,2,246,86,0.052618124731130145
3097,170573036,170574196,170574443,2,247,99,0.8149016667127114
3099,170573073,170574196,170574446,2,249,90,0.03654048085259254
3100,170573097,170574831,170576811,16,1979,102,0.38043124217650204
3101,170573122,170574196,170574445,2,248,86,0.3302810012298175
3102,170573134,170574196,170574440,2,244,87,0.7352520964231218
3103,170573189,170574196,170574445,2,248,108,0.8210608444474775
3104,170573232,170574196,170574441,2,245,85,0.34043584016664374
3105,170573305,170574196,170574444,2,247,111,0.12229956031729439
3106,170573330,170574196,170574442,2,246,107,0.9376677338801629
3107,170573379,170574196,170574444,2,247,86,0.48213797609244513
3108,170573379,170574196,170574439,2,242,101,0.10408436394438003
3109,170573398,170574196,170574449,2,252,92,0.9861242076606205
3110,170573441,170574208,170574453,2,245,87,0.7635126169875288
3111,170573466,170574208,170574455,2,246,108,0.9239543946635088
3112,170573484,170574208,170574455,2,246,86,0.42849898887224025
3113,170573503,170574208,170574451,2,242,88,0.1367482629118285
3114,170573540,170574233,170574482,2,249,87,0.5082852495333119
3115,170573541,170574282,170574528,2,245,95,0.524696318923266
3116,170573571,170574295,170574540,2,245,86,0.5705155769484265
3117,170573702,170573762,170574486,1,724,26,0.8910378069295369
3118,170573723,170574331,170574577,2,245,85,0.4692731183981319
3119,170573748,170574331,170574577,2,245,87,0.6550045902677225
3120,170573748,170574380,170574627,2,246,86,0.7920504091217192
3121,170573755,170574380,170574626,2,245,87,0.9849713761552735
3122,170573755,170574393,170574644,2,250,86,0.8721301368141942
3123,170573756,170574393,170574647,2,253,101,0.1523260884389369
3124,170573763,170574406,170574654,2,248,86,0.8064354581241049
3125,170573769,170574418,170574668,2,250,86,0.1641388372678093
3126,170573776,170574418,170574668,2,250,99,0.03078617846856624
3127,170573783,170574430,170574680,2,249,87,0.03421440311926727
3128,170573788,170577020,170579184,64,2163,66,0.5449451905478127
3129,170573789,170574418,170574672,2,253,86,0.2181058634484706
3130,170573791,170574844,170577007,64,2163,69,0.49363440614939536
3131,170573796,170574418,170574664,2,246,89,0.3205009880197395
3132,170573796,170574430,170574679,2,248,95,0.05797952200851342
3133,170573797,170574430,170574690,2,259,116,0.7125873585288027
3134,170573806,170574295,170574721,1,426,72,0.8223101190719173
3135,170573806,170574295,170574978,1,683,73,0.0727481900571807
3136,170573806,170574905,170575736,1,830,58,0.09601521478947128
3137,170573806,170574905,170575720,1,814,58,0.26656351093927155
3138,170573806,170575165,170575981,1,815,81,0.2150083189452623
3139,170573806,170575178,170575999,1,821,94,0.565685467638344
3140,170573806,170575178,170576028,1,850,91,0.0958568287397702
3141,170573806,170575178,170576220,1,1042,90,0.7429699819543959
3142,170573806,170575178,170576254,1,1076,91,0.6019686138712775
3143,170573806,170575178,170576029,1,851,89,0.4572492807663783
3144,170573807,170575178,170575916,1,738,90,0.660053057538046
3145,170573807,170575190,170575976,1,786,100,0.4165510580368509
3146,170573807,170575190,170576008,1,818,102,0.11313688145828948
3147,170573807,170575190,170576017,1,826,80,0.8810379318101965
3148,170573807,170575190,170576005,1,814,81,0.8992264607692075
3149,170573807,170575202,170575966,1,763,58,0.0004541472322945328
3150,170573807,170575202,170575971,1,768,58,0.1693352902991565
3151,170573807,170575227,170576210,1,983,70,0.07271729599650145
3152,170573807,170575265,170576287,1,1022,93,0.7216586581785185
3153,170573807,170575265,170576534,1,1269,60,0.6344090670735344
3154,170573807,170575265,170576135,1,870,111,0.8915834616978562
3155,170573807,170575265,170576341,1,1076,116,0.9653644513959758
3156,170573807,170575277,170576388,1,1110,89,0.42389516398482374
3157,170573807,170575277,170576370,1,1092,79,0.5334655926918132
3158,170573807,170575302,170576373,1,1071,65,0.46664417629512034
3159,170573807,170575302,170576118,1,815,61,0.40400366003337496
3160,170573807,170575315,170576342,1,1027,59,0.33181684635339237
3161,170573807,170575340,170576153,1,813,92,0.5948724404593784
3162,170573807,170575403,170576187,1,784,70,0.1510627639096126
3163,170573807,170575403,170576421,1,1018,70,0.5641029274744187
3164,170573807,170575454,170575901,1,447,96,0.15719858056061975
3165,170573807,170575467,170575914,1,447,71,0.08222549564372972
3166,170573807,170575441,170575788,1,346,57,0.38353456255094365
3167,170573807,170575441,170575980,1,539,57,0.10268663284433288
3168,170573807,170575441,170575871,1,429,59,0.5051977445353095
3169,170573807,170575467,170575899,1,432,76,0.9275289355542682
3170,170573807,170575467,170575903,1,436,75,0.5615370916933458
3171,170573807,170575454,170576129,1,675,87,0.7173704154172036
3172,170573808,170575454,170576074,1,619,88,0.27131672066299983
3173,170573808,170575479,170576176,1,697,71,0.8990066829108283
3174,170573808,170575479,170576205,1,725,68,0.31806642502272064
3175,170573808,170575505,170576278,1,773,58,0.4612478435341655
3176,170573808,170575517,170576499,1,982,70,0.9394769736987466
3177,170573808,170575517,170576491,1,974,61,0.6010708779684246
3178,170573808,170575530,170576293,1,762,64,0.26234597458638864
3179,170573808,170575530,170576328,1,797,58,0.34490620989073817
3180,170573808,170575530,170576292,1,762,79,0.16429807553838927
3181,170573808,170575542,170576304,1,761,79,0.9079947768747719
3182,170573808,170575542,170576537,1,995,79,0.03965545604866416
3183,170573808,170575555,170576605,1,1050,58,0.8016733997391722
3184,170573808,170575680,170576784,1,1103,58,0.016509591795596745
3185,170573808,170575692,170576707,1,1014,74,0.4653237766212991
3186,170573808,170575730,170576823,1,1093,117,0.3216477876450572
3187,170573808,170575756,170576704,1,948,87,0.4875032975065522
3188,170573808,170575793,170576946,1,1152,58,0.9698289967144264
3189,170573808,170575806,170576662,1,856,57,0.7002561702500306
3190,170573808,170575818,170576813,1,995,86,0.7788198325223751
3191,170573808,170575818,170576892,1,1074,60,0.562491648002824
3192,170573808,170575858,170576847,1,989,67,0.627658182438648
3193,170573808,170575858,170576636,1,778,92,0.5974009586742094
3194,170573808,170575858,170576289,1,431,91,0.06609406484357061
3195,170573808,170575920,170576735,1,814,62,0.9901539588814643
3196,170573808,170575908,170576693,1,785,72,0.0790905504410464
3197,170573808,170575970,170576782,1,811,58,0.271786412391012
3198,170573808,170575983,170576745,1,761,87,0.7827749753741414
3199,170573810,170574418,170574663,2,245,87,0.6976092931270207
3200,170573815,170575983,170576639,1,655,92,0.2892828145159172
3201,170573815,170576060,170576716,1,656,58,0.9357051662281736
3202,170573815,170576060,170576872,1,812,58,0.18549443900754858
3203,170573815,170576085,170576899,1,814,58,0.8198251632404394
3204,170573815,170576136,170576955,1,818,90,0.8263003980333927
3205,170573815,170576136,170576982,1,846,58,0.7733132182062851
3206,170573815,170576187,170577054,1,867,69,0.4145227288229243
3207,170573815,170576187,170577247,1,1060,58,0.7388917382953012
3208,170573816,170576187,170577008,1,821,59,0.7196774575011657
3209,170573816,170576200,170577038,1,837,69,0.23932041917614488
3210,170573816,170576213,170576888,1,675,58,0.4499658594209254
3211,170573816,170576263,170576965,1,702,59,0.45756465121982026
3212,170573816,170576301,170577115,1,814,64,0.18968919226042524
3213,170573816,170576326,170577153,1,827,99,0.5748508664541898
3214,170573816,170576338,170577102,1,763,66,0.003340830424738761
3215,170573816,170576351,170577123,1,772,94,0.668456127308628
3216,170573816,170576351,170577106,1,755,78,0.30684301428315464
3217,170573816,170576366,170577379,1,1012,79,0.8127558509389305
3218,170573816,170576379,170577348,1,969,80,0.9961617110392983
3219,170573816,170576404,170577383,1,978,80,0.842162516516164
3220,170573816,170576429,170577725,1,1296,59,0.5379895096131208
3221,170573816,170576429,170577464,1,1035,69,0.7750436508135536
3222,170573816,170576505,170577587,1,1081,58,0.6861171620218445
3223,170573816,170576505,170577577,1,1072,58,0.39911806042394593
3224,170573816,170576542,170577581,1,1038,63,0.40588666634353066
3225,170573816,170576555,170577384,1,829,94,0.9715873885827535
3226,170573816,170576555,170577610,1,1055,93,0.0949166440955429
3227,170573816,170576555,170577375,1,820,93,0.4222172502678243
3228,170573816,170576555,170577323,1,768,91,0.9267474983309159
3231,170573816,170576617,170577044,1,427,57,0.7519239006658248
3232,170573816,170576642,170577017,1,375,57,0.3570347802662026
3233,170573816,170576680,170577220,1,540,58,0.3923470137134305
3234,170573816,170576680,170577175,1,495,58,0.0006849982281902367
3235,170573816,170576680,170577248,1,568,59,0.20772976124979814
3236,170573816,170576680,170577117,1,437,57,0.8180151124950439
3237,170573816,170576680,170577324,1,644,58,0.24222469278551895
3238,170573816,170576704,170577300,1,595,59,0.28263025593856683
3239,170573816,170576717,170577415,1,698,76,0.20140196781133513
3240,170573816,170576717,170577445,1,728,57,0.9065844606822206
3241,170573817,170576729,170577512,1,782,73,0.6189313393022031
3242,170573817,170576742,170577725,1,982,70,0.12804546277671303
3243,170573817,170576754,170577767,1,1012,57,0.8314841844889789
3244,170573817,170576791,170577562,1,770,58,0.21328648052982357
3245,170573817,170576804,170577553,1,749,58,0.3148765934940897
3246,170573817,170576804,170577617,1,813,106,0.23629964457383612
3247,170573817,170576816,170577582,1,766,89,0.27817886090811517
3248,170573817,170576816,170577578,1,761,59,0.534911575742198
3249,170573817,170576816,170577630,1,814,80,0.4064586202714481
3250,170573817,170576816,170577640,1,824,88,0.785918131308339
3251,170573817,170576816,170577863,1,1047,102,0.45237017587874595
3252,170573817,170576816,170577884,1,1068,81,0.18002803948172907
3253,170573817,170576816,170577715,1,899,81,0.8003539975776456
3254,170573817,170576816,170577969,1,1153,81,0.09724914934877615
3255,170573817,170576816,170577851,1,1035,86,0.6927797509975516
3256,170573817,170576816,170577801,1,985,80,0.6449438237406557
3257,170573817,170576816,170577894,1,1078,80,0.24817446957474365
3258,170573817,170576816,170578004,1,1188,81,0.26612506824127546
3259,170573817,170576828,170577614,1,785,92,0.27325774252544344
3260,170573817,170576878,170577527,1,649,58,0.6832283770764983
3261,170573817,170576890,170577572,1,681,59,0.1770779884001299
3262,170573817,170576890,170577679,1,788,58,0.7771977225367387
3263,170573817,170576902,170577886,1,983,58,0.7464279000877532
3264,170573817,170576902,170577670,1,767,59,0.3443803882513691
3265,170573822,170574418,170574664,2,245,86,0.15701474457576492
3266,170573829,170574418,170574669,2,251,92,0.1111711739230049
3267,170573836,170574418,170574667,2,249,111,0.05531654279201248
3268,170573848,170574456,170574702,2,246,86,0.7936360366349317
3269,170573855,170574505,170574751,2,245,90,0.7579629665488211
3270,170573868,170574604,170574854,2,249,86,0.17502294894347148
3271,170573880,170574631,170574883,2,252,86,0.37213817057312437
3272,170573887,170574681,170574932,2,251,92,0.029809074826932846
3273,170573893,170574655,170574900,2,244,86,0.5251654287153685
3274,170573894,170574655,170574913,2,257,86,0.5641492341371359
3275,170573925,170574655,170574909,2,253,87,0.32497766534921135
3276,170573944,170574706,170574955,2,249,86,0.3853522784571207
3277,170573968,170574706,170574969,2,263,116,0.15344544944918992
3278,170573981,170574731,170574976,2,244,87,0.27857929299057727
3279,170573994,170574718,170574965,2,246,96,0.8837966565958321
3280,170573994,170574918,170575172,2,254,86,0.880780164992163
3281,170574001,170574918,170575166,2,248,87,0.7117728381305826
3282,170574001,170575004,170575251,2,246,86,0.9456063385831206
3283,170574014,170575004,170575260,2,255,116,0.015151207964592461
3284,170574015,170574992,170575240,2,247,92,0.1134403633041976
3285,170574015,170577279,170585896,32,8617,48,0.39517743540757844
3286,170574015,170575004,170575250,2,246,95,0.053324180245427955
3287,170574016,170575017,170575264,2,247,88,0.6752194265303625
3288,170574022,170575190,170575440,2,249,86,0.2777817187461442
3289,170574023,170575190,170575435,2,244,86,0.22229420880680284
3290,170574024,170575190,170575435,2,245,87,0.09183342977502651
3291,170574027,170574035,170574760,1,724,27,0.4190751631815003
3292,170574030,170575202,170575447,2,245,86,0.44275096353438215
3293,170574031,170575315,170575561,2,246,87,0.3468364494779713
3294,170574031,170575315,170575560,2,245,87,0.426613835225504
3295,170574039,170574084,170574808,1,723,34,0.5552983473454813
3296,170574044,170575315,170575559,2,244,86,0.5406304099536925
3297,170574045,170575567,170575814,2,246,87,0.8747258733488106
3298,170574045,170575605,170575848,2,243,87,0.17319037630302858
3299,170574046,170575655,170575907,2,252,86,0.6243498362750762
3300,170574052,170575667,170575921,2,253,108,0.6809106003168744
3301,170574053,170575743,170575993,2,249,86,0.430085908527133
3302,170574060,170575908,170576153,2,245,91,0.42721456284987513
3303,170574060,170575920,170576165,2,245,86,0.6816966001806911
3304,170574067,170575933,170576180,2,247,108,0.6121674553057658
3305,170574074,170575970,170576216,2,245,107,0.5247732307567253
3306,170574086,170576021,170576273,2,251,108,0.12937693736503042
3307,170574093,170576021,170576271,2,249,86,0.7831893328227928
3308,170574094,170576072,170576319,2,246,106,0.41368812031167357
3309,170574100,170576098,170576345,2,247,108,0.15325007394715773
3310,170574113,170576124,170576377,2,253,89,0.7873745396766093
3311,170574120,170576162,170576407,2,245,91,0.21030333317994165
3312,170574122,170574122,170574268,1,146,29,0.08891052844491132
3313,170574122,170574123,170574268,1,145,35,0.27201897369770955
3314,170574122,170574123,170574268,1,145,53,0.22640499734491237
3315,170574122,170574123,170574268,1,145,30,0.5780978426293184
3316,170574132,170576174,170576425,2,251,86,0.7947037743302929
3317,170574143,170574147,170574326,1,179,39,0.944069283490088
3318,170574145,170576213,170576463,2,250,85,0.08352559838330642
3319,170574152,170576225,170576479,2,253,107,0.17569394568211594
3320,170574152,170576275,170576529,2,253,107,0.8733645842134234
3321,170574159,170576275,170576527,2,251,86,0.8810626065562239
3322,170574164,170574196,170574698,1,501,43,0.01283445104873926
3323,170574165,170576301,170576553,2,252,85,0.9790373307506246
3324,170574189,170574189,170574912,1,723,348,0.18698088345523634
3325,170574190,170576301,170576548,2,247,86,0.3443980958031505
3326,170574200,170574200,170574216,1,16,18,0.8217125725645805
3327,170574200,170574200,170574216,1,16,18,0.5814498992100254
3328,170574200,170574200,170574216,1,16,18,0.5765362755346912
3329,170574200,170574200,170574216,1,16,18,0.6851047319263746
3330,170574200,170574218,170574227,1,9,17,0.7569694442200954
3331,170574200,170574218,170574225,1,7,19,0.010819012375353543
3332,170574200,170574218,170574225,1,7,19,0.7699629069608579
3333,170574200,170574218,170574225,1,7,19,0.3541431546389664
3334,170574200,170574227,170574235,1,7,64,0.165561238154327
3335,170574200,170574227,170574234,1,7,18,0.507433117799009
3336,170574200,170574227,170574234,1,7,19,0.03970885586464368
3337,170574200,170574228,170574236,1,7,23,0.9817723156118403
3338,170574200,170574236,170574243,1,7,18,0.32796209338056037
3339,170574200,170574236,170574244,1,7,66,0.9400333108553839
3340,170574200,170574236,170574244,1,7,64,0.04360495806082987
3341,170574200,170574236,170574244,1,7,18,0.1854072866746409
3342,170574200,170574254,170574262,1,7,18,0.5797741763326608
3343,170574201,170574255,170574262,1,7,77,0.20684792131503216
3344,170574201,170574255,170574262,1,7,18,0.07034140974533454
3345,170574201,170574255,170574263,1,7,18,0.8896717645386414
3346,170574201,170574273,170574283,1,9,45,0.37299858435564404
3347,170574201,170574273,170574281,1,7,18,0.7718502893153238
3348,170574201,170574273,170574281,1,7,38,0.9386796597934131
3349,170574201,170574273,170574281,1,7,18,0.061686552862427746
3350,170574201,170574283,170574291,1,7,83,0.2802124473965325
3351,170574201,170574282,170574290,1,7,18,0.3032253719787107
3352,170574201,170574283,170574291,1,7,18,0.971490730699152
3353,170574201,170574284,170574291,1,7,84,0.8403768277931434
3354,170574201,170574292,170574300,1,7,39,0.7711548864184504
3355,170574201,170574292,170574300,1,7,18,0.16113511410685633
3356,170574201,170574292,170574300,1,7,18,0.4298747014020262
3357,170574201,170574292,170574300,1,7,83,0.6333286659503731
3358,170574201,170574301,170574309,1,7,39,0.3188168672407903
3359,170574201,170574301,170574309,1,7,18,0.030098221215078325
3360,170574201,170574301,170574309,1,7,24,0.8052936762521019
3361,170574201,170574301,170574309,1,7,18,0.1122226646192459
3362,170574201,170574311,170574318,1,7,39,0.2018250169702731
3363,170574201,170574311,170574318,1,7,18,0.9346843952308737
3364,170574201,170574311,170574318,1,7,18,0.6271722467302001
3365,170574201,170574311,170574318,1,7,18,0.8635223074283498
3366,170574201,170574320,170574327,1,7,39,0.5336897282753491
3367,170574201,170574319,170574327,1,7,18,0.2760694611544334
3368,170574201,170574320,170574327,1,7,30,0.22816627712234894
3369,170574201,170574320,170574328,1,7,37,0.9567091160712993
3370,170574201,170574329,170574336,1,7,18,0.14798457466647308
3371,170574201,170574329,170574337,1,8,18,0.7252175220519357
3372,170574202,170574329,170574337,1,7,39,0.3199533278502441
3373,170574202,170574338,170574345,1,7,18,0.6843440770543824
3374,170574202,170574338,170574345,1,7,19,0.37459525273172867
3375,170574202,170574338,170574346,1,7,74,0.3145283503664116
3376,170574202,170574338,170574346,1,7,53,0.940997207004514
3377,170574202,170574347,170574354,1,7,18,0.8096423862744796
3378,170574202,170574347,170574355,1,7,18,0.148450649852785
3379,170574202,170574347,170574355,1,7,48,0.5253494918161858
3380,170574202,170574347,170574355,1,7,74,0.07947384886149378
3381,170574202,170574356,170574364,1,8,18,0.4884356366832633
3382,170574203,170576326,170576570,2,244,107,0.84174505751644
3383,170574203,170576351,170576610,2,259,113,0.010796401658127452
3384,170574228,170576379,170576630,2,251,94,0.049274611382491895
3385,170574228,170574356,170574364,1,7,18,0.5566529734926946
3386,170574229,170574356,170574364,1,7,18,0.4907904068780574
3387,170574229,170574356,170574364,1,7,48,0.48952772398607947
3388,170574229,170574365,170574373,1,7,105,0.5702007418305094
3389,170574229,170574365,170574373,1,7,18,0.4502538561787859
3390,170574229,170574365,170574373,1,7,66,0.32853665546497846
3391,170574229,170574366,170574373,1,7,74,0.723118747241535
3392,170574229,170574374,170574381,1,7,18,0.6483514783088592
3393,170574229,170574375,170574382,1,7,105,0.687931860785408
3394,170574229,170574375,170574382,1,7,18,0.5825692641409315
3395,170574229,170574375,170574382,1,7,74,0.5066868752098435
3396,170574229,170574383,170574391,1,7,18,0.059696464116972936
3397,170574229,170574383,170574391,1,7,18,0.4046937603166946
3398,170574229,170574384,170574392,1,7,46,0.6947142631053128
3399,170574229,170574384,170574392,1,7,25,0.41620820719305807
3400,170574229,170574391,170574399,1,7,18,0.8447412257065354
3401,170574229,170574393,170574400,1,7,18,0.41507490564022753
3402,170574229,170574393,170574400,1,7,18,0.6922561135468142
3403,170574229,170574393,170574401,1,7,46,0.7871308953382138
3404,170574229,170574400,170574408,1,7,18,0.7148692454590141
3405,170574229,170574401,170574408,1,7,18,0.2670975749977259
3406,170574229,170574402,170574409,1,7,56,0.7074108555234071
3407,170574229,170574402,170574412,1,10,28,0.5086005836388099
3408,170574229,170574409,170574419,1,9,18,0.8646825314326491
3409,170574229,170574409,170574417,1,7,39,0.650720550351963
3410,170574229,170574410,170574419,1,9,19,0.5463667266577567
3411,170574229,170574413,170574421,1,7,56,0.05373260556425152
3412,170574229,170574418,170574426,1,7,24,0.9915281290273313
3413,170574229,170574420,170574427,1,7,39,0.13697380186428354
3414,170574229,170574420,170574428,1,7,18,0.014394247808634408
3415,170574229,170574421,170574429,1,7,18,0.6054138362769117
3416,170574229,170574427,170574435,1,7,18,0.4357841554061098
3417,170574230,170574429,170574437,1,7,24,0.49275954389342946
3418,170574230,170574436,170574444,1,7,74,0.21686214310618268
3419,170574230,170574430,170574438,1,7,39,0.36191052166912774
3420,170574230,170574430,170574438,1,7,18,0.7489055862917545
3421,170574230,170574440,170574447,1,7,59,0.8577799210959738
3422,170574230,170574440,170574447,1,7,18,0.3109755239073114
3423,170574230,170574440,170574447,1,7,39,0.9131036971578624
3424,170574230,170574446,170574455,1,8,19,0.40826264733460227
3425,170574230,170574449,170574458,1,8,59,0.6249020562196893
3426,170574230,170574449,170574458,1,8,67,0.5009012225188223
3427,170574230,170574449,170574458,1,8,18,0.06329052581686345
3428,170574230,170574457,170574464,1,7,19,0.3342264420542689
3429,170574230,170574459,170574467,1,7,59,0.025652096187474438
3430,170574230,170574459,170574467,1,7,18,0.022384795637307442
3431,170574230,170574460,170574467,1,7,67,0.32070364394675765
3432,170574230,170574466,170574474,1,8,20,0.057587362942936426
3433,170574230,170574468,170574476,1,7,27,0.4035716580063833
3434,170574230,170574469,170574476,1,7,18,0.6088262425365486
3435,170574230,170574469,170574477,1,7,39,0.7882830023754926
3436,170574230,170574476,170574484,1,8,25,0.6779005130349909
3437,170574230,170574478,170574486,1,8,27,0.23721828427520397
3438,170574230,170574478,170574486,1,8,18,0.6266896317318801
3439,170574230,170574479,170574487,1,8,39,0.82460864039302
3440,170574230,170574487,170574495,1,7,25,0.0009379807077096736
3441,170574230,170574487,170574495,1,7,24,0.316830823972467
3442,170574230,170574488,170574496,1,7,38,0.9937044798065432
3443,170574230,170574488,170574496,1,7,42,0.9230826770500214
3444,170574231,170574507,170574514,1,7,82,0.5979861923096824
3445,170574231,170574507,170574514,1,7,94,0.6626052990430046
3446,170574237,170574245,170574744,1,498,42,0.7333399903281572
3447,170574239,170574245,170574747,1,501,22,0.9805066731759827
3448,170574251,170574258,170574760,1,502,21,0.8206733377717121
3449,170574251,170574258,170574760,1,502,21,0.17059043707786614
3450,170574253,170576379,170576627,2,248,92,0.9402119365637779
3451,170574253,170576391,170576638,2,246,88,0.19537869631846339
3452,170574254,170576416,170576661,2,244,91,0.11366169619294386
3453,170574259,170574307,170575195,1,887,107,0.28092173432417733
3454,170574260,170574530,170575418,1,888,107,0.441622278679054
3455,170574260,170574555,170575417,1,862,107,0.19407371571220655
3456,170574261,170574655,170575527,1,871,113,0.3953802925473109
3457,170574261,170574756,170575645,1,889,106,0.1686092948819632
3458,170574262,170574805,170575671,1,865,107,0.4995122413136375
3459,170574262,170574793,170575448,1,655,97,0.5651868775463181
3460,170574262,170574780,170575432,1,651,97,0.8265289984852197
3461,170574263,170574831,170575484,1,652,99,0.882735681673354
3462,170574263,170574856,170575509,1,653,96,0.3702045266673061
3463,170574263,170574856,170575508,1,652,95,0.04335799408522811
3464,170574264,170574893,170575549,1,655,96,0.4111504102645194
3465,170574269,170574269,170574400,1,131,29,0.4305779937140799
3466,170574269,170574270,170574400,1,130,30,0.6744668055610116
3467,170574269,170574270,170574400,1,130,29,0.34638617729348486
3468,170574269,170574270,170574400,1,130,35,0.19133600329438716
3469,170574271,170574282,170574383,1,101,135,0.5421111104049969
3470,170574279,170576467,170576713,2,246,85,0.24318203540681116
3471,170574279,170576492,170576741,2,248,91,0.36307234060606475
3472,170574298,170576492,170576743,2,250,86,0.8336825080086312
3473,170574350,170574356,170574392,2,35,23,0.5479440757354468
3474,170574351,170574356,170574383,2,27,85,0.24237286204104724
3475,170574352,170574356,170574381,2,25,23,0.476519869661002
3476,170574352,170574356,170574375,2,19,44,0.720888755701014
3477,170574353,170574356,170574381,2,25,86,0.9868751547173342
3478,170574359,170574507,170574515,1,7,72,0.9277437211080537
3479,170574359,170574507,170574515,1,7,18,0.9352865404852464
3480,170574359,170574516,170574524,1,7,23,0.49896169450764993
3481,170574359,170574516,170574524,1,7,29,0.5290023399677283
3482,170574359,170574517,170574524,1,7,18,0.5641014922344403
3483,170574359,170574525,170574533,1,7,23,0.04652968416554515
3484,170574359,170576492,170576745,2,253,85,0.7697553251753668
3485,170574359,170574526,170574534,1,7,18,0.349045959658723
3486,170574359,170574535,170574543,1,7,50,0.7105185473149812
3487,170574359,170574545,170574552,1,7,50,0.5112134766360746
3488,170574359,170574554,170574562,1,7,18,0.4891199104174223
3489,170574359,170574577,170574584,1,7,18,0.36856279694951033
3490,170574359,170574577,170574586,1,8,19,0.7907372919690777
3491,170574359,170574577,170574586,1,8,18,0.6930170861647731
3492,170574359,170574577,170574586,1,8,18,0.2560347733617444
3493,170574359,170574587,170574596,1,8,18,0.4448714852903696
3494,170574359,170574587,170574595,1,7,57,0.1239573400524916
3495,170574359,170574587,170574595,1,7,37,0.7902971891493384
3496,170574359,170574588,170574595,1,7,33,0.9924533858840602
3497,170574359,170574597,170574604,1,7,19,0.6763087851286472
3498,170574359,170574597,170574604,1,7,57,0.19278870437270978
3499,170574359,170574597,170574604,1,7,37,0.8338580605944292
3500,170574360,170574597,170574605,1,7,18,0.4188333354100311
3501,170574360,170574606,170574614,1,7,19,0.5468480929146282
3502,170574360,170574606,170574614,1,7,57,0.9711894883711745
3503,170574360,170574606,170574614,1,7,18,0.2677219692279872
3504,170574360,170574607,170574614,1,7,18,0.8013086299008341
3505,170574360,170574615,170574623,1,8,21,0.2526916780142804
3506,170574360,170574615,170574623,1,8,18,0.35430900065842574
3507,170574360,170574615,170574623,1,8,19,0.42527733537126744
3508,170574360,170574615,170574624,1,8,18,0.8399674773487317
3509,170574360,170574625,170574632,1,7,20,0.39224103032133006
3510,170574360,170574625,170574633,1,8,18,0.38807569951211507
3511,170574360,170574625,170574633,1,7,19,0.5741042889759622
3512,170574360,170574625,170574633,1,7,18,0.648362823331544
3513,170574360,170574634,170574642,1,7,18,0.7547083198951291
3514,170574360,170574634,170574642,1,7,20,0.19245837214390726
3515,170574360,170574635,170574642,1,7,19,0.9447233696341202
3516,170574360,170574635,170574642,1,7,18,0.11751146777043697
3517,170574360,170574643,170574651,1,7,18,0.6622290733330799
3518,170574360,170574644,170574652,1,7,40,0.32591938483667615
3519,170574360,170574644,170574652,1,7,18,0.26055362793564896
3520,170574360,170574644,170574652,1,7,49,0.7412472400962923
3521,170574360,170574653,170574660,1,7,18,0.10882085641624206
3522,170574360,170574653,170574660,1,7,18,0.6119002323807838
3523,170574360,170574653,170574661,1,7,21,0.6451028659155261
3524,170574360,170574653,170574661,1,7,19,0.5095741813882203
3525,170574360,170574662,170574669,1,7,18,0.558723719249234
3526,170574360,170574662,170574669,1,7,19,0.2282032703917064
3527,170574360,170574662,170574669,1,7,19,0.5495255165007744
3528,170574360,170574662,170574670,1,7,21,0.34025733992491003
3529,170574360,170574670,170574678,1,7,19,0.8166104957152648
3530,170574360,170574672,170574680,1,8,25,0.518001100108927
3531,170574361,170574672,170574680,1,8,18,0.6421468154561316
3532,170574361,170574672,170574680,1,8,24,0.7419926852521085
3533,170574361,170574680,170574687,1,7,34,0.6754228674216961
3534,170574361,170574681,170574689,1,8,20,0.17942149249251782
3535,170574361,170574682,170574689,1,7,25,0.45568012631978294
3536,170574361,170574682,170574689,1,7,18,0.42432697813598075
3537,170574361,170574689,170574696,1,7,34,0.46408794028884537
3538,170574361,170574691,170574698,1,7,75,0.6982039446895496
3539,170574361,170574691,170574698,1,7,75,0.5857070339948721
3540,170574361,170574691,170574699,1,7,71,0.355431140186819
3541,170574361,170574699,170574707,1,7,54,0.4050678066047111
3542,170574361,170574699,170574707,1,7,18,0.07876768684463797
3543,170574375,170574380,170575105,1,724,47,0.6512737190772565
3544,170574378,170576492,170576740,2,248,85,0.9502243144716629
3545,170574382,170574393,170574406,1,12,17,0.8930647756601017
3546,170574385,170574393,170583032,1,8639,24,0.9196792160636788
3547,170574391,170574430,170574454,2,24,23,0.5825718716926382
3548,170574391,170574418,170574450,2,31,22,0.19111479241451668
3549,170574392,170574393,170574419,2,25,24,0.9583465557751493
3550,170574393,170574393,170574417,2,24,32,0.7799140175202269
3551,170574394,170574430,170574456,2,26,27,0.5909352307448733
3552,170574396,170576492,170576741,2,248,86,0.6408938055668332
3553,170574400,170574406,170575849,1,1443,122,0.05056620550003055
3554,170574423,170574430,170575399,1,969,79,0.8726434815409829
3555,170574423,170574424,170574575,1,151,28,0.7304462409635639
3556,170574423,170574424,170574575,1,151,53,0.6741321404069722
3557,170574424,170574424,170574575,1,151,27,0.5598940719841068
3558,170574424,170574424,170574576,1,152,27,0.657520943234707
3559,170574427,170576492,170576743,2,250,86,0.8030229891560884
3560,170574434,170576492,170576742,2,249,86,0.8740132730062303
3561,170574444,170574445,170575170,1,724,18,0.4737982513368605
3562,170574446,170576492,170576741,2,249,86,0.3551642903059513
3563,170574447,170576492,170576561,2,69,105,0.39069501926478045
3564,170574448,170576542,170576794,2,251,108,0.5754918823991353
3565,170574448,170576542,170576789,2,247,87,0.6492820264837944
3566,170574449,170576542,170576793,2,250,108,0.3600350730824854
3567,170574449,170576567,170576822,2,255,86,0.9380647222114425
3568,170574450,170576617,170576868,2,251,108,0.88617683249227
3569,170574451,170576617,170576879,2,261,113,0.16439135029894258
3570,170574451,170576630,170576878,2,248,92,0.970738390368039
3571,170574468,170574468,170574499,2,30,23,0.9895246478163706
3572,170574469,170574480,170574508,2,27,44,0.8129168426049382
3573,170574469,170574480,170574501,2,20,27,0.35091062060664713
3574,170574470,170574480,170574513,2,32,27,0.4547897813896091
3575,170574471,170574480,170574506,2,26,22,0.462213489052702
3576,170574472,170574480,170574516,2,35,28,0.23707554981265921
3577,170574472,170574480,170574498,2,18,25,0.16304287310553867
3578,170574473,170574493,170574530,2,36,23,0.9716510651040959
3579,170574474,170574493,170574524,2,30,22,0.5938053555694742
3580,170574475,170574505,170574528,2,23,23,0.6754282509256176
3581,170574486,170574543,170575267,1,724,26,0.8431930710197081
3582,170574517,170574521,170575245,1,724,39,0.23137074070226749
3583,170574523,170574525,170575248,1,722,29,0.2216069685840868
3584,170574529,170574535,170574894,1,359,18,0.38608968637775964
3585,170574530,170574543,170574567,2,24,47,0.08635440608980693
3586,170574531,170574543,170574561,2,18,23,0.6727416460928641
3587,170574532,170574543,170574569,2,26,22,0.718137972433528
3588,170574533,170574543,170574568,2,25,44,0.9600323317711343
3589,170574533,170574543,170574561,2,18,27,0.03663286911184194
3590,170574560,170574567,170575426,1,858,124,0.2720864971536947
3591,170574571,170574579,170574609,2,30,23,0.0084581485671964
3592,170574571,170574579,170574608,2,28,23,0.08770446051745784
3593,170574572,170574579,170574598,2,18,22,0.6617283376685734
3594,170574573,170574579,170574614,2,34,44,0.3891367803256879
3595,170574574,170574579,170574598,2,18,85,0.4860152043732917
3596,170574574,170574579,170574616,2,36,87,0.17149916548618338
3597,170574575,170574579,170574605,2,25,27,0.349351879514175
3598,170574576,170574579,170574605,2,25,22,0.07128535977700179
3599,170574577,170574579,170574611,2,31,25,0.0625298443057033
3600,170574577,170574579,170574601,2,21,31,0.48123486068887
3601,170574597,170574597,170574607,1,10,33,0.20439771921653527
3602,170574615,170574618,170574642,2,24,23,0.6532100721695607
3603,170574615,170574618,170574649,2,31,24,0.40562343453077976
3604,170574616,170574618,170574646,2,27,23,0.6774859270671477
3605,170574617,170574618,170574643,2,25,22,0.15017542868536626
3606,170574618,170574618,170574637,2,19,44,0.08389756247363755
3607,170574656,170574669,170574697,2,27,23,0.598296539022695
3608,170574656,170574669,170574693,2,23,45,0.4586335244505737
3609,170574657,170574669,170574697,2,28,110,0.05017107250717523
3610,170574658,170574694,170574717,2,23,24,0.23221862202278087
3611,170574658,170574681,170574706,2,25,95,0.22486163871598286
3612,170574666,170576047,170576671,8,623,41,0.4097700850279542
3613,170574698,170574706,170575206,1,500,22,0.6941348843417744
3614,170574735,170574735,170574743,1,8,19,0.8601067125623422
3615,170574735,170574735,170574743,1,8,18,0.06779138982296629
3616,170574735,170574735,170574743,1,8,20,0.9481037526285959
3617,170574735,170574735,170574743,1,8,18,0.6106058553701752
3618,170574735,170574745,170574753,1,8,19,0.6940372151781169
3619,170574735,170574745,170574753,1,8,21,0.38422583389845655
3620,170574735,170574745,170574753,1,8,18,0.6736231534610415
3621,170574735,170574745,170574753,1,8,18,0.8209336006749168
3622,170574735,170574754,170574763,1,8,18,0.31599003207002785
3623,170574735,170574754,170574763,1,8,19,0.6600956653926061
3624,170574735,170574754,170574763,1,8,37,0.3137184550634009
3625,170574735,170574754,170574763,1,8,70,0.010709642653105367
3626,170574735,170574764,170574772,1,8,39,0.26861638534847254
3627,170574735,170574764,170574772,1,8,38,0.7143638990618207
3628,170574735,170574764,170574772,1,8,70,0.6022938007578265
3629,170574735,170574765,170574773,1,8,37,0.6368498546820512
3630,170574735,170574774,170574782,1,8,59,0.004313971502350689
3631,170574735,170574774,170574782,1,8,49,0.9578508915874082
3632,170574735,170574774,170574782,1,8,52,0.7068239995891616
3633,170574735,170574774,170574783,1,8,45,0.5737751461790671
3634,170574735,170574784,170574792,1,8,59,0.03502019996275729
3635,170574735,170574784,170574792,1,8,49,0.07135430973416879
3636,170574735,170574784,170574792,1,8,52,0.9726823770540887
3637,170574735,170574784,170574792,1,8,45,0.11599871972748421
3638,170574735,170574794,170574801,1,7,18,0.7775285192442176
3639,170574735,170574794,170574801,1,7,19,0.4900721586562766
3640,170574735,170574794,170574802,1,7,21,0.659709926548011
3641,170574735,170574793,170574803,1,10,17,0.8327408146709556
3642,170574736,170574805,170574813,1,8,21,0.5750773198135256
3643,170574736,170574805,170574813,1,8,17,0.8490495296532452
3644,170574736,170574812,170574820,1,8,18,0.762674217427257
3645,170574736,170574812,170574821,1,8,18,0.36431137322698515
3646,170574736,170574814,170574822,1,8,21,0.4924127911671484
3647,170574736,170574815,170574823,1,8,52,0.3469058696966555
3648,170574736,170574822,170574830,1,8,54,0.08338339505028314
3649,170574736,170574822,170574830,1,8,50,0.727721532808925
3650,170574736,170574825,170574833,1,8,20,0.40775331466035325
3651,170574736,170574825,170574833,1,8,18,0.27130782688684363
3652,170574736,170574832,170574840,1,8,54,0.3688747548741317
3653,170574736,170574832,170574840,1,8,50,0.7011566199362262
3654,170574736,170574835,170574843,1,8,42,0.4847543547121973
3655,170574736,170574835,170574843,1,8,18,0.6053426131329199
3656,170574736,170574841,170574849,1,8,18,0.8381481898420181
3657,170574736,170574842,170574850,1,8,18,0.031228565729338742
3658,170574736,170574844,170574853,1,8,18,0.3218631754635892
3659,170574736,170574844,170574852,1,8,42,0.34330885335168715
3660,170574736,170574851,170574858,1,7,18,0.29569596518447927
3661,170574736,170574851,170574859,1,7,18,0.8270417429592397
3662,170574736,170574854,170574862,1,8,22,0.08321947062270685
3663,170574736,170574854,170574862,1,7,19,0.1826989878679578
3664,170574736,170574860,170574868,1,7,18,0.6837486300633882
3665,170574736,170574736,170574791,1,54,27,0.49173068378135676
3666,170574736,170574861,170574869,1,7,18,0.19215017832073022
3667,170574736,170574864,170574871,1,7,52,0.9132190357970664
3668,170574736,170574864,170574872,1,7,40,0.9324245852922344
3669,170574736,170574870,170574878,1,7,62,0.8857298717177448
3670,170574736,170574873,170574881,1,7,52,0.33840538542553344
3671,170574736,170574874,170574881,1,7,40,0.9380014350528479
3672,170574736,170574879,170574887,1,8,53,0.6068030119732302
3673,170574736,170574880,170574888,1,8,62,0.7364976140838022
3674,170574736,170574882,170574890,1,8,17,0.5727167095515603
3675,170574737,170574883,170574891,1,8,20,0.2555942953388375
3676,170574737,170574888,170574896,1,7,29,0.24661882081770914
3677,170574739,170574889,170574897,1,7,19,0.614270593869254
3678,170574739,170574892,170574900,1,7,17,0.30730626030353614
3679,170574739,170574893,170574901,1,7,20,0.005029379216331953
3680,170574739,170574899,170574907,1,7,19,0.5673321040789296
3681,170574739,170574899,170574907,1,7,18,0.7364891991734945
3682,170574739,170574901,170574909,1,7,17,0.3304287476188469
3683,170574739,170574902,170574910,1,7,22,0.5915571220972081
3684,170574739,170574908,170574916,1,7,18,0.8577661596833132
3685,170574739,170574908,170574916,1,7,18,0.7892679991455217
3686,170574739,170574911,170574918,1,7,17,0.2953438828112944
3687,170574739,170574912,170574920,1,7,31,0.7157671634373405
3688,170574739,170574918,170574926,1,8,59,0.23146718276122957
3689,170574740,170574919,170574929,1,9,18,0.7110721494765111
3690,170574740,170574918,170574926,1,7,71,0.840865166176346
3691,170574740,170574921,170574928,1,7,21,0.757590585220199
3692,170574740,170574928,170574937,1,9,59,0.02034892301209501
3693,170574740,170574928,170574937,1,9,20,0.6180245991479488
3694,170574740,170574929,170574940,1,10,71,0.016834982761363082
3695,170574740,170574930,170574940,1,9,45,0.7135836357499552
3696,170574740,170574939,170574947,1,7,18,0.5839772377075383
3697,170574740,170574939,170574947,1,7,53,0.3575798702268419
3698,170574740,170574941,170574948,1,7,83,0.23519950296293413
3699,170574740,170574942,170574950,1,7,35,0.4557749246213002
3700,170574740,170574948,170574956,1,7,31,0.7646349235187474
3701,170574740,170574948,170574956,1,7,17,0.0993531377806115
3702,170574740,170574950,170574957,1,7,18,0.7152158567255757
3703,170574740,170574951,170574959,1,7,22,0.5722203957259553
3704,170574740,170574957,170574964,1,7,18,0.6829465967816657
3705,170574740,170574958,170574966,1,7,17,0.16644087350812742
3706,170574740,170574959,170574968,1,9,31,0.28236404985826424
3707,170574740,170574966,170574974,1,8,55,0.9616668256890983
3708,170574740,170574967,170574975,1,8,18,0.46038861501314643
3709,170574740,170574970,170574978,1,8,31,0.14060595528002118
3710,170574740,170574970,170574978,1,8,18,0.04574002427413293
3711,170574740,170574977,170574985,1,7,55,0.5583476385867945
3712,170574740,170574977,170574985,1,7,19,0.9672856003396088
3713,170574740,170574979,170574987,1,8,17,0.11434906255057686
3714,170574740,170574979,170574987,1,7,18,0.14704451946674113
3715,170574740,170574986,170574994,1,8,18,0.5963683496984267
3716,170574740,170574986,170574995,1,8,22,0.9193362815778259
3717,170574740,170574988,170574996,1,8,19,0.3691267938316545
3718,170574740,170574989,170574997,1,8,53,0.2321071180564872
3719,170574741,170574995,170575004,1,8,41,0.40003130721953795
3720,170574741,170574998,170575006,1,7,19,0.16999226575510773
3721,170574741,170574999,170575007,1,8,53,0.8130525541693869
3722,170574741,170575005,170575013,1,7,17,0.30946031502438176
3723,170574741,170575004,170575013,1,8,20,0.6766995354290792
3724,170574741,170575006,170575014,1,7,41,0.6720007481791798
3725,170574741,170575016,170575024,1,8,18,0.9994586131288457
3726,170574741,170575016,170575024,1,8,21,0.48648249192856863
3727,170574741,170575016,170575024,1,8,19,0.7252086676171038
3728,170574741,170575016,170575024,1,8,18,0.2449041257709188
3729,170574741,170575025,170575034,1,8,18,0.008808198591263472
3730,170574741,170575025,170575034,1,8,72,0.04828890405715047
3731,170574741,170575035,170575043,1,8,20,0.22797853552698333
3732,170574741,170575035,170575043,1,7,18,0.048780853654261436
3733,170574741,170575035,170575043,1,8,80,0.2362126149008995
3734,170574741,170575035,170575043,1,8,72,0.8285852690743778
3735,170574741,170575045,170575053,1,8,18,0.33461876721075134
3736,170574741,170575045,170575053,1,8,18,0.12460189761597451
3737,170574744,170574756,170575258,1,501,22,0.6325007762381667
3738,170574747,170574805,170575309,1,504,22,0.09003047665999409
3739,170574749,170574896,170574902,1,6,18,0.9150884285162455
3740,170574760,170574831,170575334,1,503,42,0.025847422501157236
3741,170574760,170574768,170575493,1,724,26,0.5758255302519099
3742,170574760,170574893,170575396,1,503,22,0.5127896901266865
3743,170574792,170574793,170575054,1,260,28,0.9833984935492861
3744,170574808,170574818,170575544,1,725,35,0.2346376577073893
3745,170574894,170574992,170575004,1,11,20,0.3409199013329055
3746,170574906,170574906,170574957,1,50,18,0.06563140472249751
3747,170574943,170574955,170574980,2,25,29,0.9485300205593945
3748,170574944,170574967,170574991,2,23,23,0.22420609774745914
3749,170574945,170574967,170574991,2,24,96,0.06883491703823574
3750,170574945,170574979,170575001,2,21,53,0.8148154972710266
3751,170574946,170574979,170575005,2,25,88,0.4240531433010035
3752,170574958,170574958,170575038,1,79,31,0.8295646148557404
3753,170575000,170575045,170575052,1,7,23,0.8925515149348152
3754,170575000,170575045,170575052,1,7,17,0.7239116170110221
3755,170575000,170575054,170575062,1,7,18,0.12137561415576836
3756,170575001,170575054,170575061,1,7,20,0.8384971304541501
3757,170575001,170575064,170575073,1,9,17,0.7247429196799088
3758,170575001,170575064,170575071,1,7,18,0.7792079902638249
3759,170575001,170575064,170575071,1,7,21,0.6432428749009537
3760,170575001,170575064,170575071,1,7,18,0.8512630672985485
3761,170575001,170575073,170575081,1,7,19,0.751750234398204
3762,170575001,170575073,170575081,1,7,18,0.7273177221727403
3763,170575001,170575073,170575081,1,7,18,0.5960297320901173
3764,170575001,170575075,170575082,1,7,50,0.04726897921066986
3765,170575001,170575082,170575089,1,7,17,0.8271129546235794
3766,170575001,170575082,170575089,1,7,20,0.8469379610731163
3767,170575001,170575082,170575089,1,7,17,0.6732834614041903
3768,170575001,170575083,170575091,1,7,19,0.8276975201620939
3769,170575001,170575093,170575100,1,7,17,0.6594188332742968
3770,170575001,170575100,170575107,1,7,18,0.9369483985031546
3771,170575001,170575100,170575107,1,7,20,0.16006700518385675
3772,170575001,170575100,170575107,1,7,17,0.2487892411136171
3773,170575001,170575101,170575109,1,8,18,0.9389098707060032
3774,170575001,170575109,170575117,1,7,18,0.17470788012703153
3775,170575001,170575109,170575117,1,7,17,0.3717662966275571
3776,170575001,170575109,170575117,1,7,18,0.22338021337556258
3777,170575001,170575111,170575119,1,7,18,0.24572575041097888
3778,170575001,170575118,170575125,1,7,20,0.5893088564738478
3779,170575001,170575118,170575125,1,7,18,0.502050405683702
3780,170575001,170575118,170575126,1,8,17,0.6855509826045972
3781,170575001,170575119,170575127,1,7,19,0.28252719963440787
3782,170575001,170575127,170575134,1,7,18,0.5158057775726145
3783,170575001,170575127,170575135,1,7,18,0.7147755713203406
3784,170575001,170575128,170575136,1,7,20,0.5058455134443111
3785,170575002,170575128,170575136,1,7,35,0.6818986182424174
3786,170575002,170575135,170575144,1,8,18,0.9724694896313226
3787,170575002,170575135,170575144,1,8,17,0.19823350929269834
3788,170575002,170575136,170575145,1,8,17,0.5310129798574978
3789,170575002,170575136,170575144,1,8,18,0.6213521785942157
3790,170575002,170575145,170575153,1,8,67,0.5370904237099945
3791,170575002,170575145,170575153,1,8,83,0.36321786547976653
3792,170575002,170575145,170575153,1,8,73,0.0388008596726962
3793,170575002,170575145,170575153,1,8,53,0.26737459233912
3794,170575002,170575155,170575163,1,8,18,0.930719779467054
3795,170575002,170575155,170575163,1,8,18,0.3541253112969863
3796,170575002,170575155,170575163,1,8,53,0.37964846909054717
3797,170575002,170575155,170575163,1,8,17,0.7761463256195124
3798,170575002,170575165,170575173,1,8,60,0.03391818318072859
3799,170575002,170575165,170575173,1,8,60,0.03294856517124112
3800,170575002,170575165,170575173,1,8,18,0.2136659287067174
3801,170575002,170575165,170575173,1,8,18,0.3000359364288493
3802,170575002,170575174,170575182,1,7,17,0.27369607483324854
3803,170575002,170575175,170575182,1,7,18,0.7043382371891191
3804,170575002,170575175,170575182,1,7,53,0.5219978579144277
3805,170575002,170575179,170575188,1,8,52,0.6438791277165189
3806,170575002,170575184,170575192,1,8,17,0.5384292266144846
3807,170575002,170575184,170575192,1,8,18,0.9670928718222406
3808,170575002,170575184,170575192,1,8,27,0.06714525193553811
3809,170575002,170575189,170575197,1,7,18,0.8310814936058192
3810,170575002,170575193,170575201,1,8,83,0.2641142612182864
3811,170575002,170575193,170575201,1,8,80,0.13270094960650303
3812,170575002,170575194,170575202,1,8,66,0.8572914197023304
3813,170575020,170575066,170575091,2,24,67,0.514159726682532
3814,170575021,170575103,170575126,2,23,44,0.5021370085347223
3815,170575021,170575128,170575153,2,25,44,0.9242677692771221
3816,170575022,170575140,170575168,2,27,23,0.3162999037987322
3817,170575023,170575165,170575188,2,23,44,0.5616009242993906
3818,170575087,170575199,170575207,1,8,39,0.561834655766406
3819,170575087,170575203,170575211,1,7,83,0.2561943742135655
3820,170575087,170575203,170575211,1,7,80,0.7938528780136205
3821,170575087,170575203,170575211,1,7,66,0.8565411537010521
3822,170575087,170575209,170575216,1,7,39,0.5794447160680773
3823,170575087,170575212,170575220,1,7,19,0.5902111683932616
3824,170575087,170575212,170575220,1,7,19,0.4048725505075941
3825,170575087,170575213,170575220,1,7,18,0.07420045222035221
3826,170575087,170575218,170575226,1,7,17,0.7432382634862889
3827,170575087,170575222,170575229,1,7,19,0.5480611024705877
3828,170575087,170575222,170575229,1,7,19,0.9995628643986904
3829,170575087,170575222,170575230,1,7,18,0.5551796450433434
3830,170575088,170575227,170575235,1,7,17,0.147224883088391
3831,170575088,170575231,170575239,1,7,17,0.9066377424202663
3832,170575088,170575231,170575239,1,7,18,0.8888708832829544
3833,170575088,170575231,170575239,1,7,18,0.7126431828248132
3834,170575088,170575236,170575244,1,7,18,0.5418614746438575
3835,170575088,170575240,170575248,1,7,17,0.17739059683340264
3836,170575088,170575240,170575248,1,7,18,0.27727486709350757
3837,170575088,170575240,170575248,1,7,18,0.9333271121232058
3838,170575088,170575246,170575254,1,8,19,0.6275390772826566
3839,170575088,170575250,170575259,1,9,25,0.22774512912646794
3840,170575088,170575250,170575258,1,8,19,0.42322642643048325
3841,170575088,170575250,170575258,1,8,19,0.7433949889903443
3842,170575088,170575255,170575265,1,9,38,0.4496785578573581
3843,170575088,170575260,170575269,1,8,17,0.5661619798429717
3844,170575088,170575260,170575268,1,8,50,0.21213405228688276
3845,170575088,170575260,170575269,1,8,44,0.9188239873375008
3846,170575088,170575265,170575274,1,8,44,0.0696456136577015
3847,170575088,170575270,170575278,1,8,38,0.3362527162447151
3848,170575088,170575270,170575278,1,7,53,0.5073211871088333
3849,170575088,170575270,170575278,1,7,52,0.5317921269309335
3850,170575088,170575276,170575283,1,7,44,0.6227259387437487
3851,170575088,170575280,170575287,1,7,35,0.5629979960498831
3852,170575088,170575280,170575287,1,7,29,0.04423926842114023
3853,170575088,170575280,170575288,1,7,38,0.8688579417092399
3854,170575088,170575285,170575293,1,7,21,0.6891573363831494
3855,170575088,170575289,170575297,1,8,35,0.2446387089391776
3856,170575088,170575289,170575297,1,8,29,0.8867169779346945
3857,170575088,170575289,170575298,1,8,38,0.9606955410182806
3858,170575088,170575294,170575303,1,8,21,0.8385735460854831
3859,170575088,170575299,170575307,1,8,18,0.42247517389597833
3860,170575088,170575299,170575307,1,8,18,0.40556361203105884
3861,170575088,170575299,170575307,1,8,38,0.5270382832804277
3862,170575089,170575304,170575312,1,7,20,0.4017122776990205
3863,170575089,170575308,170575316,1,7,18,0.23040369023720342
3864,170575089,170575308,170575316,1,7,18,0.12803280892737712
3865,170575089,170575309,170575317,1,8,24,0.6542814775078988
3866,170575089,170575318,170575325,1,7,19,0.022576521871334077
3867,170575089,170575318,170575325,1,7,19,0.4374532771267964
3868,170575089,170575319,170575326,1,7,77,0.9169879781744413
3869,170575089,170575323,170575331,1,7,54,0.9852081189785706
3870,170575089,170575327,170575335,1,8,43,0.5453058976239449
3871,170575089,170575327,170575334,1,7,35,0.5241883835512429
3872,170575089,170575327,170575335,1,7,59,0.46696838250709727
3873,170575089,170575333,170575340,1,7,21,0.14108180956070737
3874,170575089,170575336,170575344,1,8,35,0.8719368127823818
3875,170575089,170575336,170575344,1,8,59,0.19197227512751336
3876,170575089,170575337,170575346,1,8,43,0.5780830829278998
3877,170575089,170575342,170575350,1,8,21,0.5607668398105028
3878,170575089,170575346,170575354,1,8,17,0.49493705983878344
3879,170575089,170575346,170575354,1,8,18,0.77651465324289
3880,170575089,170575347,170575355,1,8,18,0.22634437079444647
3881,170575089,170575351,170575360,1,8,25,0.4300877674415339
3882,170575105,170575140,170575865,1,725,25,0.020181142514127948
3883,170575160,170575160,170575263,1,103,28,0.2578751533595782
3884,170575160,170575160,170575263,1,103,28,0.36950563369711675
3885,170575165,170576642,170576999,1,357,88,0.5002151487370375
3886,170575171,170575171,170575263,1,91,28,0.7171634705822946
3887,170575171,170575171,170575263,1,91,31,0.390272920993435
3888,170575175,170575175,170575178,1,3,52,0.9808057576287649
3889,170575206,170575290,170575792,1,502,20,0.4594908712991769
3890,170575206,170575227,170575256,2,29,47,0.32652288936205465
3891,170575207,170575265,170575313,2,48,24,0.30490368891132524
3892,170575208,170575265,170575301,2,36,24,0.9451608116273931
3893,170575209,170575252,170575293,2,41,29,0.921668818543726
3894,170575209,170575277,170575310,2,33,23,0.5460225446639071
3895,170575211,170577269,170579367,1,2097,22,0.7804922006243531
3896,170575211,170577279,170579365,1,2086,35,0.6573280557318748
3897,170575211,170577279,170579367,1,2088,49,0.23571394138542934
3898,170575212,170577279,170579326,1,2047,26,0.8804052048153337
3899,170575212,170577279,170579329,1,2050,25,0.2684217767169451
3900,170575212,170577279,170579330,1,2051,23,0.4435677139848938
3901,170575218,170575250,170575973,1,723,26,0.08971046724264864
3902,170575238,170576667,170577024,1,357,82,0.8027965081197399
3903,170575239,170577257,170585901,1,8644,181,0.8390461179075592
4239,170575239,170577233,170585694,1,8460,181,0.9252836291796032
4240,170575239,170577233,170585878,1,8644,180,0.5000139789822794
4243,170575239,170577245,170585076,1,7831,201,0.06615410241039088
4244,170575239,170577245,170585889,1,8644,204,0.07616552570787027
4246,170575239,170577257,170585326,1,8068,182,0.14805042435160187
3904,170575258,170575555,170576059,1,504,30,0.6981721471195315
3905,170575260,170575264,170575413,1,148,46,0.4673143645309581
3906,170575260,170575265,170575413,1,147,28,0.15100928587454
3907,170575260,170575265,170575413,1,147,28,0.10581632939788799
3908,170575260,170575265,170575413,1,147,29,0.5768130491977744
3909,170575264,170577279,170579332,1,2053,23,0.059906054522655405
3910,170575264,170577303,170579352,1,2048,23,0.25538484670403105
3911,170575267,170575277,170576001,1,723,27,0.21916183146852986
3912,170575272,170575273,170575295,1,22,52,0.3182509982840962
3913,170575273,170575277,170575690,1,412,118,0.9771524220193126
3914,170575278,170575356,170575364,1,7,17,0.8448418789051976
3915,170575278,170575356,170575364,1,7,18,0.11852249226671663
3916,170575278,170575356,170575364,1,8,20,0.4332970432356522
3917,170575278,170575362,170575369,1,7,18,0.4104667655968095
3918,170575278,170575365,170575373,1,7,18,0.42624221034941345
3919,170575278,170575365,170575373,1,7,17,0.3814012244452134
3920,170575278,170575366,170575373,1,7,22,0.146925630102139
3921,170575278,170575371,170575378,1,7,18,0.08784967015485534
3922,170575278,170575375,170575382,1,7,38,0.12129552241879071
3923,170575278,170575375,170575383,1,7,62,0.5248752710716565
3924,170575278,170575375,170575383,1,7,53,0.3799612161221575
3925,170575279,170575384,170575391,1,7,38,0.15164849718233564
3926,170575279,170575384,170575392,1,7,62,0.8526385966263101
3927,170575279,170575384,170575392,1,7,53,0.353089285563966
3928,170575279,170575389,170575397,1,7,19,0.7423400850717594
3929,170575279,170575393,170575401,1,7,17,0.183714424139222
3930,170575279,170575394,170575401,1,7,21,0.3328395879366648
3931,170575279,170575394,170575401,1,7,18,0.25912898348561775
3932,170575279,170575399,170575406,1,7,19,0.3436122169516297
3933,170575279,170575402,170575410,1,7,52,0.989011697153318
3934,170575279,170575403,170575410,1,7,21,0.23221279004252204
3935,170575279,170575403,170575411,1,7,18,0.12184146232797721
3936,170575279,170575408,170575415,1,7,18,0.4887443852382122
3937,170575279,170575414,170575421,1,7,18,0.695481685506896
3938,170575279,170575414,170575421,1,7,20,0.844499965952994
3939,170575279,170575414,170575421,1,7,18,0.9436751140340569
3940,170575279,170575417,170575425,1,7,18,0.37356711261688946
3941,170575279,170575423,170575431,1,7,56,0.963214898395323
3942,170575279,170575423,170575431,1,7,57,0.356928315327364
3943,170575279,170575428,170575435,1,7,53,0.965940862729481
3944,170575279,170575431,170575440,1,9,25,0.985349190156001
3945,170575279,170575433,170575441,1,7,57,0.12290441586281164
3946,170575279,170575433,170575441,1,7,56,0.9806292030122759
3947,170575279,170575437,170575445,1,8,19,0.0012427356376217835
3948,170575279,170575442,170575450,1,8,19,0.8481567916522181
3949,170575279,170575442,170575450,1,8,21,0.12581062495757767
3950,170575279,170575442,170575451,1,8,18,0.5090284312054206
3951,170575279,170575452,170575460,1,8,43,0.16398797800710863
3952,170575279,170575452,170575460,1,8,21,0.7895667956073366
3953,170575279,170575452,170575460,1,8,18,0.6795463220724524
3954,170575279,170575456,170575464,1,8,18,0.13545578708201822
3955,170575279,170575462,170575470,1,8,18,0.6312732319827572
3956,170575279,170575462,170575470,1,8,22,0.3693824413937784
3957,170575280,170575462,170575470,1,8,53,0.12783446678168864
3958,170575280,170575466,170575473,1,7,18,0.4849223400465821
3959,170575280,170575472,170575480,1,8,27,0.4077805277118842
3960,170575280,170575472,170575480,1,8,18,0.2624382780574638
3961,170575280,170575472,170575480,1,8,18,0.4740522658751344
3962,170575280,170575475,170575484,1,8,59,0.3332761071130871
3963,170575280,170575481,170575489,1,8,27,0.35209715627089433
3964,170575280,170575481,170575489,1,8,18,0.29576434184399836
3965,170575280,170575482,170575490,1,8,18,0.16364842961239912
3966,170575280,170575485,170575493,1,8,19,0.009527703692698952
3967,170575280,170575491,170575499,1,7,18,0.8370303618052685
3968,170575280,170575491,170575499,1,7,20,0.7192192310332163
3969,170575280,170575492,170575500,1,7,18,0.40123569542266846
3970,170575280,170575495,170575503,1,7,59,0.7346359342099198
3971,170575280,170575501,170575511,1,9,18,0.30484195231717626
3972,170575280,170575501,170575509,1,7,18,0.8638179135588082
3973,170575280,170575501,170575509,1,7,20,0.6369059557733922
3974,170575280,170575504,170575512,1,7,59,0.021521966907754875
3975,170575280,170575511,170575518,1,7,53,0.8258155575708921
3976,170575280,170575511,170575518,1,7,55,0.6251978669307888
3977,170575294,170575297,170575307,1,10,23,0.3568820948985477
3978,170575307,170575309,170575325,1,15,53,0.3093789927546329
3979,170575309,170575567,170576073,1,505,21,0.4442686233477925
3980,170575320,170575428,170575462,2,33,124,0.520074444647272
3981,170575320,170575441,170575475,2,33,23,0.0873860510393425
3982,170575321,170575467,170575498,2,31,44,0.7337943075435103
3983,170575322,170575505,170575523,2,18,44,0.9662837355758853
3984,170575322,170575567,170575599,2,31,24,0.7414756067110388
3985,170575325,170575328,170575337,1,8,22,0.8432638474235226
3986,170575333,170575414,170575495,1,81,28,0.4155624167063795
3987,170575333,170575414,170575496,1,81,34,0.13489767901519734
3988,170575333,170575414,170575496,1,81,28,0.928820583157702
3989,170575333,170575433,170575520,1,86,28,0.2156271681155677
3990,170575334,170575920,170576425,1,504,21,0.756426673613419
3991,170575337,170575338,170575350,1,11,22,0.8839975042828604
3992,170575362,170575362,170575373,1,11,18,0.8400742025482782
3993,170575372,170575375,170575666,1,291,19,0.7366140493260191
3994,170575373,170575414,170575429,1,15,25,0.7960219730000089
3995,170575396,170576162,170576667,1,505,41,0.1991069524134912
3996,170575406,170575428,170575651,1,222,28,0.48061103571238484
3997,170575419,170578311,170586955,8,8644,382,0.9181167034543453
3998,170575419,170575441,170575449,1,7,16,0.47965824750787933
3999,170575420,170575423,170575432,1,8,18,0.20865223509759678
4000,170575431,170575497,170576219,1,722,24,0.1778247435594108
4001,170575433,170575568,170575574,1,6,18,0.7653239224657375
4002,170575436,170575497,170576219,1,722,18,0.7606973590037133
4003,170575475,170577465,170578335,1,870,96,0.27444181818459423
4004,170575475,170577564,170578425,1,861,58,0.7827624979164337
4005,170575475,170577588,170578704,1,1116,58,0.38483889298867724
4006,170575475,170577588,170578899,1,1310,69,0.2485825773551632
4007,170575475,170577588,170578675,1,1086,72,0.09880403041070862
4008,170575475,170577588,170578609,1,1020,92,0.5792115434757192
4009,170575475,170577625,170578598,1,972,101,0.9334464646497842
4010,170575475,170577663,170577857,1,193,72,0.5505815028957012
4011,170575475,170577651,170578483,1,831,58,0.604503156976805
4012,170575475,170577651,170578552,1,901,74,0.4872689057378994
4013,170575475,170577688,170578852,1,1164,71,0.7474134185838147
4014,170575475,170577724,170578364,1,639,70,0.9965962157148889
4015,170575475,170577737,170578490,1,752,58,0.10642584658795329
4016,170575475,170577737,170579025,1,1287,58,0.49055438274574514
4017,170575475,170577750,170578500,1,750,77,0.8539905852074908
4018,170575475,170577774,170578284,1,509,89,0.3052156983771892
4019,170575475,170577799,170578563,1,763,57,0.3030810183735093
4020,170575475,170577799,170578760,1,961,64,0.037917426942884136
4021,170575475,170577811,170578676,1,865,57,0.8696772289151664
4022,170575475,170577860,170578582,1,721,62,0.835006921905174
4023,170575475,170577873,170578840,1,967,101,0.40692999555941933
4024,170575475,170577897,170578736,1,839,58,0.3698854571126595
4025,170575475,170577897,170578730,1,832,58,0.17715948194697395
4026,170575475,170577897,170578723,1,826,66,0.4817232204884293
4027,170575475,170577958,170578935,1,977,58,0.22062337782284536
4028,170575475,170577982,170578895,1,912,58,0.8908555191493791
4029,170575475,170578007,170578975,1,968,71,0.984080350738497
4030,170575475,170578053,170579080,1,1026,86,0.28600490603235285
4031,170575475,170578061,170579089,1,1027,80,0.9248340646286853
4032,170575475,170578067,170578972,1,904,80,0.560266073918075
4033,170575475,170578171,170579564,1,1393,83,0.9907540986756088
4034,170575475,170578171,170579576,1,1405,92,0.059199160627993686
4035,170575476,170578171,170579548,1,1376,70,0.7043221282514477
4036,170575476,170578171,170579578,1,1407,84,0.796594153408216
4037,170575476,170578171,170579547,1,1376,92,0.6777002573406915
4038,170575476,170578171,170579538,1,1366,70,0.11616610867163057
4039,170575476,170578283,170579696,1,1412,59,0.9113207100081043
4040,170575476,170578286,170579713,1,1427,88,0.19052166549198102
4041,170575476,170578311,170579592,1,1281,84,0.39503364961943066
4042,170575476,170578311,170579540,1,1229,85,0.3620591756494598
4043,170575476,170578311,170579321,1,1010,85,0.27910703660452196
4044,170575476,170578311,170579469,1,1157,85,0.15920749981229287
4045,170575476,170578311,170579576,1,1264,84,0.8014135632374104
4046,170575476,170578311,170579228,1,916,85,0.03556615990306966
4047,170575476,170578311,170579248,1,936,84,0.1846637115432378
4048,170575476,170578311,170579356,1,1045,83,0.960896484451094
4049,170575476,170578311,170579258,1,946,84,0.2738683663032573
4050,170575476,170578311,170579309,1,997,84,0.45440569948527043
4051,170575476,170578311,170579072,1,761,84,0.9644590057835215
4052,170575476,170578311,170579087,1,776,84,0.523313849493798
4053,170575476,170578311,170579054,1,743,84,0.5724616825980297
4054,170575476,170578311,170579504,1,1192,85,0.677359124893249
4055,170575476,170578311,170579391,1,1079,84,0.6045197889692602
4056,170575476,170578311,170579423,1,1111,84,0.4411655036116868
4057,170575476,170578311,170579250,1,939,106,0.17826475783982698
4058,170575476,170578311,170579328,1,1016,107,0.9224939398241117
4059,170575476,170578311,170579314,1,1002,85,0.7600165480921041
4060,170575476,170578311,170579277,1,966,85,0.009591664573583292
4061,170575476,170578311,170579308,1,997,85,0.32236588316114867
4062,170575476,170578311,170579229,1,918,84,0.7569136104717525
4063,170575476,170578311,170579230,1,918,84,0.1668963738936512
4064,170575476,170578311,170579226,1,915,84,0.785984102572145
4065,170575476,170578311,170579446,1,1134,85,0.7218425188367811
4066,170575476,170578311,170579154,1,843,85,0.01766218064695424
4067,170575476,170578311,170579349,1,1038,85,0.8570654069753282
4068,170575483,170575492,170575653,1,160,47,0.10007454691611872
4069,170575493,170576275,170576999,1,723,26,0.017642866462806883
4070,170575507,170575507,170575609,1,102,25,0.46529033099611483
4071,170575508,170577393,170579347,1,1953,58,0.33438792924525274
4072,170575508,170577399,170579357,1,1957,23,0.23466669134933194
4073,170575508,170577406,170579363,1,1956,44,0.30860830860258004
4074,170575508,170577418,170579366,1,1948,76,0.8997690524769635
4075,170575508,170577421,170579329,1,1908,44,0.1073681439023001
4076,170575508,170577436,170579348,1,1912,97,0.3461945640712105
4077,170575544,170576429,170577155,1,725,86,0.6759614360601953
4078,170575569,170575569,170575683,1,113,28,0.03925090746028925
4079,170575569,170575569,170575683,1,113,28,0.34203183678301396
4080,170575569,170575570,170575683,1,113,30,0.6209706826352599
4081,170575569,170575570,170575683,1,113,28,0.5553627685487638
4082,170575576,170575576,170576234,1,657,21,0.3544127835244977
4083,170575577,170575611,170575647,1,36,25,0.135223439781734
4084,170575612,170575655,170576115,1,460,45,0.21792803494594815
4085,170575616,170575983,170576014,2,30,79,0.7962376405112329
4086,170575617,170575996,170576017,2,21,86,0.5262023076358855
4087,170575617,170576008,170576038,2,30,58,0.33531161040400115
4088,170575618,170576021,170576040,2,19,38,0.010162504685236828
4089,170575619,170576021,170576049,2,28,23,0.15348382041369324
4090,170575683,170575685,170575941,1,256,28,0.273102185731007
4091,170575683,170575685,170575941,1,256,28,0.5294882323038917
4092,170575683,170575685,170575941,1,256,30,0.2698565622226493
4093,170575684,170575685,170575941,1,256,28,0.6702679757668405
4094,170575712,170577326,170578169,1,843,58,0.4103299993157754
4095,170575712,170577350,170578170,1,819,80,0.8205515134523328
4096,170575713,170577377,170578170,1,792,58,0.5252673586079739
4097,170575713,170577381,170578170,1,789,44,0.6951220750843324
4098,170575714,170577382,170577388,1,5,40,0.9635846478467442
4099,170575714,170577386,170577391,1,5,58,0.01072578610089503
4100,170575715,170577386,170578170,1,783,46,0.5679498588450677
4101,170575715,170577390,170578170,1,779,47,0.5304561915519113
4102,170575720,170575722,170576445,1,723,21,0.40486634122121323
4103,170575724,170577196,170577228,1,31,95,0.22342493909983896
4104,170575725,170577208,170585851,1,8642,50,0.6247305266038995
4105,170575726,170577208,170582771,1,5562,63,0.21297807463247775
4106,170575777,170577233,170577243,1,9,76,0.8502752917940086
4107,170575778,170577233,170577243,1,10,80,0.5961618468810751
4108,170575792,170576642,170577142,1,500,23,0.8067156430386565
4109,170575831,170575870,170575978,1,107,18,0.03017588358283596
4110,170575865,170576680,170577404,1,724,48,0.08993093221441939
4111,170575884,170578311,170582121,1,3809,85,0.7324995500744836
4366,170575884,170578311,170582114,1,3802,86,0.39745194706703146
4367,170575884,170578311,170582114,1,3802,84,0.13899257402660825
4368,170575884,170578311,170582112,1,3800,84,0.9696785056722381
4369,170575884,170578311,170582111,1,3799,84,0.5935860950948026
4370,170575884,170578311,170582126,1,3814,83,0.3976882146169315
4371,170575884,170578311,170582091,1,3779,84,0.5463628880885743
4372,170575884,170578311,170578318,1,7,97,0.9714793079581088
4373,170575884,170578311,170582101,1,3790,85,0.6030100105577978
4374,170575884,170578311,170578318,1,7,84,0.1253351173976862
4375,170575884,170578311,170582121,1,3810,84,0.9936702800735142
4376,170575884,170578311,170582126,1,3814,91,0.12989873193859414
4377,170575884,170578311,170582108,1,3796,85,0.36622707052854353
4378,170575884,170578311,170582131,1,3820,85,0.27958485626110996
4379,170575884,170578311,170582104,1,3792,85,0.7946400122021116
4380,170575884,170578311,170582114,1,3803,85,0.030874177401508995
4381,170575884,170578311,170582117,1,3805,85,0.7930956148135619
4382,170575884,170578311,170582112,1,3801,85,0.7811419827935858
4383,170575884,170578311,170582108,1,3797,85,0.7233147755742433
4384,170575884,170578311,170582119,1,3808,85,0.9675423975574522
4385,170575884,170578311,170582123,1,3811,84,0.08330082112827564
4386,170575884,170578311,170582113,1,3802,85,0.2669724501852825
4387,170575884,170578311,170578318,1,7,84,0.8703221654709489
4388,170575884,170578311,170582120,1,3808,84,0.17751422585557053
4389,170575884,170578311,170582102,1,3791,84,0.11438005691999109
4390,170575884,170578311,170582139,1,3827,84,0.3485832297998338
4391,170575884,170578311,170582119,1,3807,85,0.27058829255532457
4392,170575884,170578311,170578318,1,7,84,0.05639466340254884
4393,170575884,170578311,170582132,1,3821,84,0.7674322374442312
4394,170575884,170578311,170578318,1,7,85,0.026669931416920534
4112,170575943,170577442,170586085,1,8642,17,0.5220465018492261
4113,170575947,170577447,170580535,1,3088,57,0.35975456853846355
4114,170575951,170575951,170576243,1,292,29,0.7176721731273971
4115,170575951,170575951,170576243,1,292,28,0.8309304250794961
4116,170575951,170575951,170576243,1,291,29,0.2677396892558984
4117,170575951,170575951,170576243,1,291,31,0.5235348575412759
4118,170575975,170575975,170576239,1,263,57,0.01497617754292413
4119,170575979,170575983,170576526,1,543,35,0.24369735141116766
4120,170576001,170576717,170577440,1,723,25,0.8892880509748908
4121,170576042,170577568,170586211,4,8642,62,0.7288389715713045
4122,170576042,170586221,170594865,4,8644,36,0.738288039979568
4123,170576042,170594983,170603626,4,8643,65,0.8794475783248724
4124,170576042,170603833,170612477,4,8644,103,0.23283619743940764
4125,170576059,170576704,170577207,1,502,21,0.5034795927191821
4126,170576062,170576642,170576669,2,26,87,0.7298507409098531
4127,170576063,170576667,170576695,2,28,28,0.9760442784727471
4128,170576063,170576667,170576709,2,41,21,0.8763151522673153
4129,170576064,170576680,170576698,2,18,38,0.8439795461606022
4130,170576065,170576680,170576705,2,25,30,0.9154318218812176
4131,170576073,170576704,170577207,1,502,37,0.8410761935889473
4132,170576184,170576185,170576340,1,155,19,0.7084203351389979
4133,170576219,170576492,170576857,1,364,56,0.3793523809869116
4134,170576235,170576235,170576959,1,723,31,0.9948013173648793
4135,170576239,170576239,170576962,1,723,36,0.1496960409145498
4136,170576243,170576243,170576376,1,132,28,0.07342198575290004
4137,170576243,170576243,170576376,1,132,28,0.06761808713090944
4138,170576243,170576245,170576376,1,131,29,0.46534769408091003
4139,170576243,170576245,170576376,1,131,28,0.42491104804077884
4140,170576267,170578311,170579888,1,1576,84,0.24831527901029748
4141,170576267,170578311,170579888,1,1576,84,0.9966067766927458
4142,170576268,170578311,170579888,1,1577,84,0.4939965006036289
4143,170576268,170578311,170579889,1,1577,84,0.0364703731989261
4144,170576289,170583622,170583985,16,362,39,0.17852830903140138
4145,170576289,170583985,170584348,16,362,36,0.6819823562859705
4146,170576289,170582701,170583064,4,362,48,0.4210731070994227
4147,170576289,170583074,170583439,4,364,31,0.3429900749658593
4148,170576289,170583362,170583727,8,364,52,0.3657109267856161
4149,170576289,170583727,170584090,8,362,31,0.25344266836110874
4150,170576348,170576348,170576650,1,301,18,0.9440600188631106
4151,170576376,170576376,170576397,1,20,22,0.6799656791570602
4152,170576376,170576376,170576397,1,20,19,0.21659497178347253
4153,170576376,170576398,170576417,1,18,19,0.3732864294648074
4154,170576376,170576398,170576417,1,18,22,0.10888298353390569
4155,170576376,170576418,170576437,1,18,19,0.864450744698329
4156,170576376,170576419,170576438,1,19,75,0.2568376714031869
4157,170576376,170576439,170576458,1,19,68,0.2420619815344205
4158,170576376,170576440,170576459,1,19,39,0.0112084059140094
4159,170576376,170576447,170576465,1,18,19,0.5600779812816398
4160,170576377,170576377,170576613,1,235,29,0.3671587217344987
4161,170576377,170576377,170576571,1,193,28,0.8895708615711907
4162,170576377,170576377,170576613,1,235,28,0.28154694806165226
4163,170576377,170576378,170576571,1,193,28,0.677164501982275
4164,170576425,170576717,170577219,1,502,21,0.49312361403403926
4165,170576466,170576466,170577190,1,723,22,0.30380298853122856
4166,170576482,170576484,170576575,1,91,125,0.19031015258446626
4167,170576510,170576512,170576534,1,21,131,0.3214070980817241
4168,170576515,170576535,170577222,1,687,131,0.8470486108921126
4169,170576524,170576572,170577222,1,649,28,0.017717992718497944
4170,170576575,170576576,170576596,1,19,107,0.2321532669678763
3229,170576584,170576617,170577602,1,985,57,0.5627938536722219
3230,170576584,170576617,170576798,1,180,56,0.23401451922430516
4171,170576600,170577325,170585964,1,8639,40,0.1748456674299519
4172,170576628,170576680,170576886,1,206,38,0.6621082244780353
4173,170576661,170576663,170577074,1,411,18,0.9549866698555978
4174,170576662,170576663,170576666,1,2,18,0.8009147576096384
4175,170576666,170576667,170576708,1,40,121,0.910481912991384
4176,170576667,170576754,170577256,1,501,21,0.7356443783636566
4177,170576691,170576692,170576885,1,193,28,0.7683456882893915
4178,170576691,170576692,170576885,1,193,28,0.7021888833910234
4179,170576692,170576692,170576891,1,199,40,0.9864758443153785
4180,170576707,170576717,170576741,2,24,28,0.5795334610927647
4181,170576708,170576717,170576741,2,24,22,0.5490639400000834
4182,170576708,170576717,170576736,2,18,30,0.7145035492650735
4183,170576709,170576754,170576775,2,20,28,0.43319975140143274
4184,170576710,170576754,170576778,2,23,22,0.4564684526087811
4185,170576729,170578311,170581253,1,2941,83,0.9323505712436789
4186,170576729,170578311,170581253,1,2941,84,0.008979205710945237
4187,170576729,170578311,170581253,1,2941,84,0.3667999663410455
4188,170576729,170578311,170581253,1,2942,84,0.673485049122501
4189,170576729,170578311,170581253,1,2941,97,0.6469199745884413
4190,170576729,170578311,170581253,1,2941,84,0.14949534838370138
4191,170576729,170578311,170581253,1,2941,107,0.8036945617504113
4192,170576729,170578311,170581253,1,2941,91,0.554055116670324
4193,170576737,170576737,170576871,1,133,46,0.03484729454329338
4194,170576782,170576816,170577006,1,189,80,0.30329285938552375
4195,170576784,170576791,170576814,2,23,28,0.28280604255368147
4196,170576784,170576791,170576813,2,21,22,0.785836204191014
4197,170576785,170576791,170576814,2,22,45,0.5257796325470065
4198,170576786,170576791,170576813,2,21,23,0.31507918050738837
4199,170576786,170576791,170576812,2,20,23,0.3584010182418885
4200,170576812,170576874,170577124,1,249,42,0.8189340124243182
4201,170576813,170576887,170577340,1,453,28,0.9174734185257888
4202,170576824,170576828,170576854,2,25,28,0.44574682604840354
4203,170576824,170576828,170576848,2,19,22,0.8804320274072198
4204,170576825,170576828,170576848,2,19,45,0.09552332268222186
4205,170576826,170576828,170576847,2,18,23,0.8251360281395592
4206,170576826,170576828,170576847,2,18,23,0.7556928291747681
4207,170576864,170576865,170576890,2,24,28,0.6648254675806989
4208,170576887,170576890,170577398,1,507,20,0.5827293284782562
4209,170576963,170576963,170577685,1,722,98,0.9611591878191194
4210,170576999,170577860,170578585,1,724,63,0.036477486250355406
4211,170577056,170577576,170578975,1,1399,28,0.947870870478688
4212,170577062,170577588,170578977,1,1388,26,0.681556305901826
4213,170577069,170577613,170578977,1,1363,26,0.32092709835277455
4214,170577074,170577613,170578165,1,552,21,0.13732851278547875
4215,170577089,170577090,170577187,1,97,183,0.24067759677069722
4216,170577098,170578311,170578666,2,354,84,0.7678591844790953
4217,170577101,170577102,170577466,1,364,28,0.08970086904430219
4218,170577101,170577102,170577466,1,364,28,0.5185223708303532
4219,170577101,170577102,170577466,1,364,41,0.5940581628378465
4220,170577101,170577189,170577550,1,361,176,0.5095113115167705
4221,170577107,170577625,170578720,1,1094,44,0.9841761581947434
4222,170577113,170577663,170578954,1,1290,54,0.8408248554096327
4223,170577116,170577651,170578477,1,826,24,0.2118529365285874
4224,170577122,170577651,170578703,1,1051,46,0.8661279742585173
4225,170577124,170577125,170577340,1,214,37,0.6680711424238633
4226,170577142,170577860,170578368,1,507,21,0.9107382537347503
4227,170577146,170577515,170577567,2,52,62,0.5476816370655148
4228,170577147,170577675,170577728,2,52,63,0.5756559797762971
4229,170577148,170577737,170577791,2,53,69,0.4287986166766359
4230,170577149,170577860,170577914,2,53,67,0.008673789203209048
4231,170577150,170577860,170577914,2,54,63,0.9836815716304865
4232,170577155,170577860,170578585,1,724,26,0.23987221093015465
4233,170577207,170577860,170578368,1,507,21,0.8625357912690368
4234,170577207,170577860,170578368,1,507,21,0.16693358524095248
4235,170577212,170577214,170577222,1,8,18,0.21476515193548096
4236,170577219,170577922,170578427,1,505,67,0.7490893112387735
4237,170577230,170577231,170577292,1,61,52,0.1994914154096633
4238,170577232,170577232,170577956,1,724,21,0.16087191296022174
4241,170577234,170577234,170577959,1,724,21,0.120730162351113
4242,170577234,170578311,170579316,2,1004,491,0.3597608293223429
4245,170577256,170577922,170578427,1,505,62,0.11215854077358078
4247,170577263,170577342,170578065,1,723,40,0.3060858987087389
4248,170577263,170577370,170578092,1,722,125,0.665275942817706
4249,170577272,170577299,170577301,1,2,30,0.7597334677093849
4250,170577273,170578053,170580216,256,2163,469,0.7737146187195804
4251,170577277,170577663,170577676,1,13,20,0.9108357574541993
4252,170577281,170578311,170581974,1,3663,83,0.1299110095316971
4253,170577297,170577303,170577415,1,112,100,0.5903270569013098
4254,170577301,170577342,170577368,1,26,125,0.9406199970748457
4255,170577404,170577922,170578645,1,723,63,0.9848554537724605
4256,170577440,170577922,170578645,1,723,62,0.04825127125191897
4257,170577455,170577455,170577477,1,22,53,0.8911718983079024
4258,170577496,170577496,170577605,1,108,57,0.9857493709409623
4259,170577536,170582314,170582319,4,4,22,0.7071023688239875
4260,170577536,170582350,170582355,4,4,30,0.6451708435196105
4261,170577536,170582356,170582361,4,4,20,0.5442417907504001
4262,170577536,170582362,170582367,4,4,20,0.4794455409658466
4263,170577537,170582369,170582373,4,4,20,0.4800957727106818
4264,170577537,170582375,170582379,4,4,20,0.26812575583950427
4265,170577537,170582381,170582385,4,4,20,0.976563997108399
4266,170577537,170582411,170582416,4,4,52,0.1822112581714843
4267,170577537,170582442,170582450,4,7,20,0.6033519050122818
4268,170577537,170582451,170582456,4,4,20,0.8854427794669402
4269,170577537,170582457,170582462,4,4,20,0.2820625906647978
4270,170577537,170582464,170582468,4,4,20,0.700708937532019
4271,170577537,170582470,170582474,4,4,20,0.9893311192012637
4272,170577537,170582476,170582480,4,4,20,0.09320221742722445
4273,170577537,170582482,170582486,4,4,20,0.46883695564380246
4274,170577537,170582488,170582493,4,4,20,0.7883175072647808
4275,170577537,170582494,170582499,4,4,31,0.41367927428036044
4276,170577537,170582500,170582505,4,4,31,0.3845038167212911
4277,170577537,170582506,170582511,4,4,20,0.10892810699554345
4278,170577537,170582513,170582517,4,4,20,0.4607666948123691
4279,170577537,170582519,170582523,4,4,20,0.03648630057302693
4280,170577537,170582594,170582599,4,4,18,0.44029170180464383
4281,170577538,170582600,170582605,4,4,18,0.9593776901644978
4282,170577538,170582613,170582618,4,4,68,0.6725687002220765
4283,170577538,170582620,170582624,4,4,68,0.6108391009396696
4284,170577538,170582626,170582631,4,4,19,0.48068465119570425
4285,170577538,170582632,170582637,4,4,19,0.48236169945271656
4286,170577538,170582639,170582643,4,4,19,0.913497414959393
4287,170577538,170582645,170582649,4,4,70,0.5792877035151364
4288,170577554,170577554,170577737,1,182,81,0.2305875204876462
4289,170577573,170577573,170577695,1,122,121,0.769958230785212
4290,170577581,170577581,170577944,1,362,51,0.968635669084412
4291,170577581,170577581,170577944,1,362,40,0.534809173081311
4292,170577581,170577606,170577971,1,364,39,0.012911658792649217
4293,170577581,170577697,170578062,1,364,40,0.3702865114937788
4294,170577590,170577737,170578281,1,544,24,0.18480419134453507
4295,170577608,170578311,170584692,1,6381,492,0.604581279456446
4296,170577632,170577687,170577799,1,111,92,0.38452396727118
4297,170577684,170578311,170578899,1,587,85,0.9911474201591512
4298,170577738,170578311,170579968,1,1656,86,0.7585796788876935
4299,170577740,170578311,170579937,1,1626,86,0.5286370599682445
4300,170577743,170577743,170577838,1,94,63,0.3738546726201102
4301,170577743,170578311,170578315,16,3,176,0.9836350587127985
4302,170577803,170577805,170577815,1,10,62,0.16542746236831318
4303,170577836,170577836,170577945,1,109,88,0.008901619956665163
4304,170577847,170577847,170577956,1,109,61,0.2767928524932547
4305,170577859,170578311,170586950,2,8638,99,0.6153632991961563
4306,170577859,170578311,170586955,2,8643,87,0.659290080188774
4307,170577883,170577946,170578128,1,181,51,0.33975471803251356
4308,170577916,170578311,170578321,1,10,84,0.22720505571137295
4309,170577916,170578311,170578320,1,8,84,0.8376950360603902
4310,170577916,170578311,170578321,1,9,85,0.7803070352681336
4311,170577916,170578311,170579675,1,1363,84,0.890046301312494
4312,170577916,170578311,170578321,1,10,86,0.31896264224315796
4313,170577916,170578311,170578321,1,10,85,0.7912377061047
4314,170577916,170578311,170578321,1,9,84,0.6578181176362163
4315,170577916,170578311,170578321,1,9,84,0.11827416026737425
4316,170577916,170578311,170579675,1,1363,84,0.5855258209485997
4317,170577916,170578311,170578321,1,9,84,0.36547656826138775
4318,170577916,170578311,170578321,1,9,86,0.8014775551950251
4319,170577916,170578311,170579675,1,1364,86,0.02720615628212575
4320,170577916,170578311,170579676,1,1364,88,0.5397507958879536
4321,170577916,170578311,170578320,1,9,86,0.334898030299979
4322,170577916,170578311,170578321,1,9,86,0.5100824599746722
4323,170577916,170578311,170578321,1,10,86,0.7147298049408919
4324,170577916,170578311,170578321,1,9,86,0.9843983278632239
4325,170577916,170578311,170578321,1,9,86,0.5914793462383655
4326,170577916,170578311,170578321,1,9,86,0.9496703461463046
4327,170577916,170578311,170578320,1,8,86,0.28647053971042835
4328,170577916,170578311,170578321,1,9,86,0.6897724038114407
4329,170577916,170578311,170578321,1,9,86,0.5260557553882074
4330,170577916,170578311,170578321,1,9,113,0.6632252037155127
4331,170577916,170578311,170579676,1,1364,85,0.32520527154092826
4332,170577916,170578311,170578321,1,9,86,0.2873387988027235
4333,170577916,170578311,170578321,1,9,86,0.457277028872381
4334,170577916,170578311,170579676,1,1364,86,0.4412891849576782
4335,170577916,170578311,170578321,1,9,86,0.5662039486945925
4336,170577916,170578311,170578321,1,9,84,0.21778210703056056
4337,170577916,170578311,170578321,1,9,84,0.7444120336162874
4338,170577916,170578311,170578320,1,9,84,0.023667316248795922
4339,170577916,170578311,170578321,1,9,85,0.7716550942787042
4340,170577916,170578311,170578320,1,9,84,0.30271116752496674
4341,170577916,170578311,170578321,1,9,84,0.2891289576423207
4342,170577916,170578311,170578320,1,9,83,0.1687588356087062
4343,170577916,170578311,170578321,1,9,84,0.775168270270042
4344,170577942,170578311,170578367,2,55,83,0.18415349561037475
4345,170577943,170578311,170578367,2,55,83,0.8084298158370172
4346,170577944,170578311,170578366,2,55,84,0.7752147750032466
4347,170577945,170578311,170578367,2,55,84,0.29973378589732247
4348,170577946,170578311,170578366,2,55,84,0.26597771720235297
4349,170577962,170577962,170578065,1,103,88,0.3481075414769339
4350,170577962,170577962,170578069,1,106,61,0.17717118902051032
4351,170578040,170578040,170578638,1,597,34,0.7033931968439147
4352,170578152,170578152,170578271,1,119,177,0.412658939919184
4353,170578206,170578206,170578216,1,9,30,0.7933852403065026
4354,170578213,170578311,170584480,1,6168,107,0.40821703580377544
4355,170578214,170578311,170583397,1,5086,107,0.7884718119162372
4356,170578218,170578311,170578323,1,11,99,0.7785346890836492
4357,170578218,170578311,170578323,1,11,101,0.5817753290259042
4358,170578247,170578247,170578290,1,43,61,0.8413027388537094
4359,170578265,170578311,170578319,1,7,84,0.9484457068118557
4360,170578288,170578311,170578325,1,14,86,0.6255045830394376
4361,170578288,170578311,170584315,1,6003,146,0.7893631639886144
4362,170578288,170578311,170584315,1,6003,144,0.1296090821051723
4363,170578288,170578311,170584315,1,6003,145,0.6146059676938381
4364,170578288,170578311,170578325,1,14,84,0.09749651992232156
4365,170578291,170578311,170578315,1,4,86,0.3374426816061321
4395,170578318,170578320,170586783,4,8463,39,0.7886367392054164
4396,170578318,170578320,170586783,4,8463,25,0.8293045956591503
4397,170578319,170578320,170578323,1,3,19,0.4880105155396365
4398,170578338,170578338,170578346,1,7,135,0.6911503356597011
4399,170578343,170578343,170578359,1,15,43,0.5618553602476076
4400,170578343,170578343,170584348,1,6004,145,0.44467126431203285
4401,170578363,170578363,170578566,1,203,151,0.18872638099321393
4402,170578368,170578368,170578868,1,499,50,0.9044967807400272
4403,170578368,170578368,170578697,1,329,21,0.12038369397348314
4404,170578368,170578368,170578871,1,502,23,0.0843693142179125
4405,170578370,170578371,170578418,6,47,36,0.3107740152698497
4406,170578371,170578372,170578425,2,53,63,0.9897904086936441
4407,170578372,170578373,170578425,2,52,71,0.7329511761746138
4408,170578373,170578374,170578427,2,52,62,0.6587205951703403
4409,170578374,170578374,170578428,2,53,72,0.7400381426275726
4410,170578375,170578375,170578428,2,52,61,0.7565822166262324
4411,170578377,170578378,170578920,1,542,18,0.3142349151495647
4412,170578380,170578382,170586845,4,8463,26,0.9992133980388472
4413,170578427,170578428,170578930,1,502,21,0.20816255787195004
4414,170578427,170578428,170578697,1,269,34,0.03776081709328727
4415,170578437,170578437,170578487,2,49,70,0.07449227392489488
4416,170578438,170578438,170578489,2,50,72,0.9555909479950117
4417,170578439,170578439,170578490,2,50,62,0.9684724950844682
4418,170578440,170578440,170578492,2,51,67,0.46871716715685696
4419,170578441,170578441,170578492,2,50,62,0.7129641985929595
4420,170578446,170586720,170587230,1,509,75,0.6361370844609768
4421,170578446,170586720,170588339,1,1618,74,0.5617054268398963
4422,170578447,170586933,170588717,1,1784,74,0.5594058902152309
4423,170578447,170586933,170588710,1,1777,75,0.14308815173242417
4424,170578447,170586933,170588677,1,1743,85,0.37055510290609417
4425,170578448,170586933,170588795,1,1862,76,0.7011360635423383
4426,170578448,170586933,170588879,1,1945,75,0.39242461608256174
4427,170578449,170586933,170588853,1,1919,77,0.0403039006270719
4428,170578449,170586933,170588707,1,1773,76,0.6764260697187836
4429,170578449,170586933,170588642,1,1708,90,0.5938003206568871
4430,170578450,170586933,170588796,1,1862,76,0.6061353941859469
4431,170578450,170586933,170588659,1,1726,75,0.7714346601455013
4432,170578451,170586933,170588666,1,1732,75,0.5399575972066958
4433,170578451,170586933,170588834,1,1901,75,0.7002825607073305
4434,170578452,170586934,170588774,1,1839,75,0.6584270744620171
4435,170578452,170586934,170588705,1,1771,75,0.4455612346250568
4436,170578453,170586934,170588629,1,1694,75,0.2533077133624162
4437,170578453,170586934,170588681,1,1747,75,0.671786471372558
4438,170578453,170586934,170588776,1,1841,77,0.8637854783333423
4439,170578455,170586934,170588804,1,1869,76,0.8451175892652576
4440,170578455,170586934,170588655,1,1720,77,0.8344542539149955
4441,170578456,170586934,170588864,1,1930,77,0.4268114319327143
4442,170578456,170586934,170588660,1,1726,77,0.09781282005810843
4443,170578456,170586934,170588584,1,1649,75,0.6397005760116036
4444,170578457,170586934,170588812,1,1877,75,0.04495129510847207
4445,170578457,170586934,170588599,1,1664,77,0.6863073427615304
4446,170578458,170586934,170588706,1,1772,75,0.6511414010349678
4447,170578458,170586934,170588736,1,1802,75,0.27321022848517673
4448,170578458,170586934,170588757,1,1822,75,0.149192477174507
4449,170578459,170586934,170588636,1,1702,75,0.6595388763426517
4450,170578459,170586934,170588691,1,1756,97,0.5725327676779498
4451,170578460,170586934,170588711,1,1776,75,0.27285291548686574
4452,170578460,170586934,170588606,1,1672,74,0.24961574609788695
4453,170578460,170586934,170588662,1,1727,75,0.894921832453693
4454,170578461,170586934,170588857,1,1922,76,0.3394351711183077
4455,170578461,170586934,170588814,1,1879,75,0.2512862598386232
4456,170578462,170586934,170588631,1,1696,76,0.8567712249167553
4457,170578462,170586934,170588578,1,1643,77,0.9966242126575358
4458,170578463,170586934,170588741,1,1806,76,0.8548899564008107
4459,170578464,170586934,170588739,1,1805,77,0.8984319125014227
4460,170578464,170586934,170588811,1,1876,77,0.8296881133526919
4461,170578465,170586934,170588677,1,1742,113,0.3082119150140653
4462,170578465,170586934,170588885,1,1950,75,0.9441540777998789
4463,170578465,170586934,170588673,1,1738,173,0.4817760224662301
4464,170578465,170578465,170578830,1,364,50,0.31180137272899566
4465,170578466,170586934,170588773,1,1838,75,0.9249430683947449
4466,170578466,170586934,170588676,1,1742,75,0.4581903138352367
4467,170578467,170586934,170588699,1,1764,75,0.24188878957127247
4468,170578467,170586934,170588773,1,1838,75,0.06645207231646355
4469,170578468,170586934,170588785,1,1851,75,0.9184472017214887
4470,170578468,170586934,170588618,1,1683,76,0.16938108633683902
4471,170578469,170586934,170588773,1,1839,75,0.5776424336909546
4472,170578469,170586934,170588894,1,1959,75,0.45567691816004563
4473,170578487,170578490,170580205,1,1714,25,0.051568429684141104
4474,170578503,170578503,170578554,2,51,72,0.4969761038668341
4475,170578504,170578504,170578555,2,51,62,0.34480017237374205
4476,170578504,170578504,170578555,2,51,70,0.0696636877132828
4477,170578505,170578506,170578560,2,54,67,0.27151363476111445
4478,170578506,170578507,170578562,2,54,62,0.948784576522392
4479,170578525,170578525,170578537,2,12,94,0.7910628390399331
4480,170578553,170578554,170579088,1,534,418,0.27768037949724855
4481,170578566,170578567,170578579,1,11,150,0.3468727291411584
4482,170578566,170578567,170578579,1,11,36,0.4843541671277044
4483,170578568,170578568,170578621,2,52,71,0.6434012580893688
4484,170578569,170578569,170578621,2,51,64,0.3809667007560624
4485,170578570,170578570,170578622,2,51,66,0.012620550666498143
4486,170578571,170578571,170578624,2,52,72,0.13966682624026427
4487,170578572,170578572,170578624,2,52,65,0.48165773185271477
4488,170578585,170578585,170579307,1,722,44,0.4810113485965839
4489,170578585,170578585,170579307,1,722,26,0.7170067177838937
4490,170578620,170578620,170578838,1,217,46,0.24294751791315672
4491,170578634,170578634,170578690,2,55,72,0.8371638006222789
4492,170578635,170578635,170578690,2,55,65,0.383855870605884
4493,170578635,170578635,170578852,1,216,38,0.11172642409228706
4494,170578636,170578636,170578693,2,57,62,0.5622868600406533
4495,170578637,170578646,170578703,2,56,63,0.009330580210604178
4496,170578638,170578668,170578723,2,54,63,0.12050380245672099
4497,170578639,170578639,170579811,1,1171,47,0.7427906975919099
4498,170578642,170578642,170578645,1,2,30,0.5116146228898532
4499,170578645,170578646,170578654,1,7,30,0.12037210384884522
4500,170578645,170578675,170579398,1,723,62,0.4815532983868487
4501,170578645,170578677,170579401,1,724,58,0.904217181459405
4502,170578667,170579427,170580719,60,1291,84,0.45114396307934623
4503,170578675,170578678,170578685,1,6,57,0.48231626310512044
4504,170578685,170578685,170579183,1,498,28,0.885151817889508
4505,170578706,170578706,170578716,1,10,58,0.8275989843933689
4506,170578706,170578706,170578713,1,6,28,0.6089737037897393
4507,170578706,170578706,170578711,2,4,19,0.7106783233190523
4508,170578707,170578707,170578715,1,8,17,0.4661391181154483
4509,170578716,170578716,170579219,1,502,22,0.5941611652291079
4510,170578730,170578731,170578782,2,51,72,0.0682155662524968
4511,170578731,170578731,170578782,2,50,65,0.3474200105088451
4512,170578731,170578732,170578785,2,53,73,0.8204579729691573
4513,170578732,170578733,170578784,2,51,62,0.42285848005012816
4514,170578733,170578733,170578786,2,52,63,0.8880202163143324
4515,170578735,170578735,170578743,1,7,18,0.7778847521841444
4516,170578739,170578740,170579242,1,502,21,0.4565853550129476
4517,170578740,170578742,170578763,1,21,140,0.9201050094090033
4518,170578766,170578766,170579663,1,896,108,0.011154249356772561
4519,170578766,170578766,170579638,1,871,108,0.44340908940484525
4520,170578767,170578767,170579641,1,874,106,0.19541430043435581
4521,170578768,170578768,170579658,1,890,107,0.41405894302830915
4522,170578768,170578768,170579632,1,863,105,0.3284064190529483
4523,170578768,170578768,170579629,1,860,105,0.6765785608696606
4524,170578769,170578769,170579421,1,652,96,0.10769876082747198
4525,170578769,170578769,170579425,1,655,95,0.09259925524234802
4526,170578770,170578770,170579421,1,651,95,0.42073325651528115
4527,170578770,170578772,170579424,1,652,96,0.9016930385146303
4528,170578770,170578783,170579443,1,660,97,0.6941268764855041
4529,170578771,170578783,170579436,1,652,96,0.8145508897502152
4530,170578772,170578786,170579381,1,595,62,0.951853412203588
4531,170578772,170578773,170578789,1,16,146,0.9071449612669031
4532,170578773,170578787,170579784,1,996,62,0.13898321927601898
4533,170578773,170578783,170579687,1,903,28,0.9289388044788205
4534,170578773,170578787,170579790,1,1002,73,0.21927782882732605
4535,170578773,170578787,170580232,1,1444,63,0.563034842460831
4536,170578774,170578787,170578791,1,3,62,0.5441776054755211
4537,170578774,170578788,170578791,1,3,63,0.7229414891218898
4538,170578775,170578793,170579789,1,996,54,0.49667198512183364
4539,170578775,170578793,170582717,1,3923,62,0.30827158385916853
4540,170578776,170578783,170578790,1,6,21,0.14045782501780668
4541,170578794,170578794,170579693,1,899,24,0.7309515476126127
4542,170578794,170578906,170579808,1,901,23,0.612336761999078
4543,170578795,170578907,170579808,1,900,62,0.5606218754170014
4544,170578795,170578835,170578888,2,52,83,0.558452053017267
4545,170578795,170578912,170579816,1,903,23,0.5840039325116001
4546,170578796,170578842,170578892,2,50,83,0.23511621148987072
4547,170578797,170578854,170578905,2,50,71,0.08764945158493298
4548,170578797,170578890,170578942,2,52,83,0.03163862955424834
4549,170578799,170578893,170578945,2,52,63,0.6946165617975415
4550,170578808,170578894,170578904,2,10,83,0.16687051928958274
4551,170578810,170578812,170578837,1,25,134,0.42801535816852443
4552,170578813,170578900,170578909,2,8,58,0.15357609547147788
4553,170578821,170578821,170578827,1,5,39,0.6320315771475868
4554,170578828,170578828,170578834,1,5,39,0.35966632890129113
4555,170578853,170578853,170578873,1,19,49,0.5374104598798779
4556,170578859,170578869,170578881,1,11,116,0.3293391241640343
4557,170578859,170578873,170578883,1,10,21,0.1462856605598103
4558,170578863,170578882,170579776,1,893,116,0.5354637421147167
4559,170578863,170578949,170579384,1,435,83,0.5563385880498365
4560,170578868,170578912,170579412,1,500,22,0.2956950827633428
4561,170578871,170578941,170579442,1,501,20,0.6740378429742975
4562,170578874,170578875,170578890,1,15,39,0.1285789820560388
4563,170578895,170578895,170578897,1,2,40,0.3000902656660287
4564,170578897,170578899,170578915,1,15,108,0.4331334627230191
4565,170578899,170578899,170578916,1,16,58,0.34798371457841326
4566,170578901,170578906,170578921,1,15,46,0.278488524334243
4567,170578906,170578907,170579615,1,708,71,0.7100679369169359
4568,170578913,170578918,170578937,1,18,19,0.6243149249092133
4569,170578919,170578922,170578937,1,15,19,0.9105362599113266
4570,170578923,170578923,170579194,1,270,53,0.4565511498985675
4571,170578923,170578932,170579194,1,262,32,0.8851185751152638
4572,170578927,170578949,170579426,1,476,19,0.9331959655188649
4573,170578930,170578948,170579453,1,505,63,0.8295091408544462
4574,170578933,170578939,170578949,2,10,18,0.2030293649572672
4575,170578934,170578944,170578947,2,3,83,0.20024749648506224
4576,170578948,170578948,170578959,1,11,61,0.5942789150324109
4577,170578951,170578951,170579007,2,56,62,0.6136220896613435
4578,170578955,170578955,170578975,1,19,112,0.8334237366998948
4579,170578956,170578956,170580903,1,1946,31,0.1781177456451727
4580,170578961,170578961,170578966,1,5,18,0.7671068404336907
4581,170578962,170578968,170580362,1,1394,20,0.5963461537201165
4582,170578972,170578978,170578984,2,6,18,0.82754452583065
4583,170578980,170578980,170579211,1,231,29,0.8886320558028751
4584,170578985,170578985,170579027,1,42,39,0.8828704018081048
4585,170578992,170578992,170578994,1,2,40,0.45194150175410974
4586,170578994,170578994,170579011,1,16,146,0.163754789148571
4587,170579009,170579009,170579423,1,414,19,0.5512736973264225
4588,170579020,170579020,170579023,1,2,40,0.7243119700701567
4589,170579023,170579023,170579040,1,17,146,0.5571461158797781
4590,170579034,170579035,170582644,1,3609,60,0.24125405766185892
4591,170579037,170579037,170579525,1,487,19,0.009944278655677263
4592,170579040,170579040,170579519,1,479,20,0.0675889733250511
4593,170579040,170579042,170579068,1,26,18,0.5216694857353619
4594,170579043,170579043,170579594,1,551,22,0.10841277048285991
4595,170579046,170579046,170579592,1,546,19,0.1803177102197291
4596,170579049,170579049,170579563,1,514,22,0.28719646034804824
4597,170579051,170579051,170579529,1,478,24,0.9378082958353315
4598,170579053,170579053,170579553,1,500,19,0.08565647736003212
4599,170579056,170579056,170579495,1,438,57,0.6677807331991115
4600,170579059,170579059,170579583,1,524,20,0.3444325105166701
4601,170579061,170579061,170579503,1,442,20,0.5536343762711529
4602,170579064,170579064,170579603,1,539,26,0.7623990041789622
4603,170579067,170579067,170579536,1,468,23,0.334056701192916
4604,170579069,170579070,170579530,1,460,19,0.5314171780805104
4605,170579069,170579069,170579279,1,209,21,0.18221229051153265
4606,170579073,170579074,170579519,1,444,18,0.2357276039261248
4607,170579076,170579079,170579133,1,54,99,0.1454215253449832
4608,170579077,170579082,170579132,1,50,60,0.22653956275399445
4609,170579085,170579195,170579994,1,798,22,0.4263569056671771
4610,170579085,170579090,170579196,1,106,31,0.699364601075914
4611,170579086,170579090,170579197,1,106,54,0.24948878877629188
4612,170579087,170579195,170579714,1,518,25,0.6118862725994341
4613,170579089,170579108,170579315,1,207,31,0.7443709218238301
4614,170579090,170579134,170579350,1,216,33,0.5984621474370927
4615,170579091,170579195,170579609,1,413,22,0.5944228465256852
4616,170579094,170579195,170580116,1,921,23,0.8995602014093947
4617,170579097,170579135,170579509,1,373,56,0.2137865338430387
4618,170579098,170579140,170579515,1,375,31,0.3242353458422681
4619,170579099,170579195,170579698,1,502,24,0.7054962599980771
4620,170579101,170579195,170579630,1,435,42,0.08601004110806498
4621,170579103,170579195,170579701,1,506,40,0.8610834281240142
4622,170579107,170579195,170579495,1,300,22,0.5797926613030483
4623,170579109,170579195,170579662,1,467,23,0.3012979890573314
4624,170579112,170579195,170579617,1,421,23,0.5093589260730433
4625,170579114,170579195,170579539,1,344,23,0.1130046123013777
4626,170579116,170579140,170579198,1,57,25,0.5577195120523073
4627,170579117,170579195,170579691,1,495,22,0.11490248328595887
4628,170579119,170579195,170579621,1,425,23,0.2189806829150457
4629,170579120,170579156,170579198,1,42,43,0.44104537278142053
4630,170579123,170579210,170579216,3,6,40,0.9691393893109108
4631,170579127,170579210,170579216,3,6,26,0.7097091458096175
4632,170579132,170579195,170579694,1,498,23,0.8054281602713684
4633,170579135,170579195,170579767,1,571,25,0.2532129797741328
4634,170579137,170579138,170579161,1,22,20,0.5386347194226543
4635,170579140,170579195,170579799,1,603,23,0.9038538330303761
4636,170579144,170579195,170579701,1,506,23,0.7124447534174664
4637,170579146,170579195,170579753,1,557,22,0.47596762043185614
4638,170579149,170579195,170579874,1,679,23,0.2516457520638248
4639,170579156,170579195,170579672,1,476,23,0.6117088618509459
4640,170579171,170579171,170579185,1,13,18,0.1054892635434792
4641,170579171,170579171,170579185,1,14,40,0.3682306523096629
4642,170579171,170579171,170579185,1,13,43,0.035051302434457754
4643,170579171,170579186,170579197,1,11,28,0.42034098247349894
4644,170579171,170579184,170579194,1,9,26,0.7932540912841409
4645,170579171,170579186,170579196,1,10,30,0.08096536768867546
4646,170579171,170579186,170579197,1,11,40,0.10488683410217536
4647,170579171,170579195,170579203,1,7,18,0.31637344656983746
4648,170579171,170579204,170579213,1,9,18,0.14887306583351734
4649,170579171,170579198,170579205,1,7,68,0.25466015052926416
4650,170579171,170579198,170579205,1,7,30,0.6770881789101032
4651,170579171,170579198,170579205,1,7,39,0.1522403557941755
4652,170579171,170579206,170579214,1,7,20,0.4744841404257567
4653,170579171,170579206,170579214,1,7,30,0.5599703650815563
4654,170579171,170579206,170579214,1,7,31,0.9492062662247838
4655,170579171,170579216,170579224,1,7,30,0.37716703952452724
4656,170579171,170579216,170579224,1,7,39,0.987338003991306
4657,170579171,170579216,170579224,1,7,19,0.41536984264127574
4658,170579171,170579216,170579223,1,7,26,0.559288187963516
4659,170579171,170579224,170579232,1,8,18,0.03278532227636255
4660,170579171,170579224,170579232,1,7,26,0.5389261731750218
4661,170579172,170579224,170579232,1,7,30,0.6383655520358918
4662,170579172,170579224,170579232,1,8,31,0.2566061426890215
4663,170579172,170579233,170579240,1,7,39,0.6130414685412857
4664,170579172,170579233,170579240,1,7,18,0.09238228321719577
4665,170579172,170579233,170579241,1,8,26,0.9321102600438527
4666,170579172,170579233,170579243,1,10,18,0.2345177895295978
4667,170579172,170579242,170579250,1,7,30,0.016809143727169462
4668,170579172,170579242,170579253,1,11,50,0.26253067765502947
4669,170579172,170579242,170579249,1,7,18,0.14336004512261336
4670,170579172,170579243,170579251,1,8,74,0.4501555012777042
4671,170579172,170579252,170579260,1,7,18,0.20044160834734404
4672,170579172,170579252,170579260,1,7,18,0.20620834268528365
4673,170579172,170579252,170579260,1,7,26,0.5437345769228596
4674,170579172,170579254,170579262,1,7,74,0.9172776738124668
4675,170579172,170579261,170579274,1,12,31,0.605629624678204
4676,170579172,170579261,170579272,1,10,18,0.40638457177455445
4677,170579172,170579261,170579274,1,12,26,0.43587656837007704
4678,170579172,170579263,170579274,1,10,18,0.18662035011392708
4679,170579172,170579272,170579280,1,7,39,0.901170456483811
4680,170579172,170579275,170579283,1,7,25,0.6575631528333306
4681,170579172,170579275,170579283,1,7,18,0.10475952290553037
4682,170579172,170579275,170579283,1,7,26,0.917868214434663
4683,170579172,170579280,170579289,1,8,30,0.4992537486776929
4684,170579172,170579283,170579292,1,9,39,0.6305411524344658
4685,170579172,170579291,170579299,1,7,49,0.0747755058935613
4686,170579172,170579294,170579303,1,9,18,0.8663386911122675
4687,170579172,170579294,170579303,1,8,26,0.32200600068979823
4688,170579172,170579283,170579292,1,9,26,0.6778430177064318
4689,170579172,170579283,170579292,1,9,30,0.2189990139668243
4690,170579172,170579294,170579302,1,7,71,0.12253096608665137
4691,170579172,170579300,170579308,1,7,31,0.692198811652443
4692,170579172,170579302,170579312,1,9,31,0.36058470932343356
4693,170579172,170579304,170579311,1,7,31,0.46918281401030504
4694,170579173,170579304,170579312,1,8,18,0.7852677638099793
4695,170579173,170579313,170579321,1,7,31,0.29135969998673583
4696,170579173,170579313,170579321,1,7,31,0.54707084567248
4697,170579173,170579313,170579321,1,7,18,0.41729092289301883
4698,170579173,170579319,170579327,1,7,91,0.4220763350381733
4699,170579173,170579322,170579331,1,8,26,0.5835257916039271
4700,170579173,170579322,170579330,1,8,32,0.26789939787389994
4701,170579173,170579322,170579331,1,8,18,0.9085334557220793
4702,170579173,170579328,170579339,1,10,57,0.533262417479095
4703,170579173,170579332,170579341,1,8,47,0.9314382874523232
4704,170579175,170579341,170579350,1,8,38,0.6166476633186883
4705,170579175,170579332,170579340,1,8,21,0.9201936930346178
4706,170579175,170579332,170579340,1,8,30,0.20491565640518417
4707,170579175,170579341,170579350,1,8,33,0.7852854565932355
4708,170579175,170579341,170579350,1,8,21,0.5949078745216415
4709,170579175,170579341,170579350,1,8,26,0.26790121351596996
4710,170579175,170579351,170579359,1,7,31,0.43206209749979885
4711,170579175,170579351,170579359,1,7,18,0.9223319316590848
4712,170579175,170579351,170579360,1,8,56,0.44459311742308094
4713,170579175,170579351,170579359,1,7,30,0.7798442997193165
4714,170579175,170579360,170579368,1,7,32,0.428240715314526
4715,170579176,170579360,170579368,1,7,21,0.28037954727751135
4716,170579176,170579360,170579368,1,7,26,0.7924782135232316
4717,170579176,170579360,170579369,1,8,20,0.14911467163775172
4718,170579176,170579369,170579377,1,8,65,0.4094043119153914
4719,170579176,170579369,170579376,1,7,65,0.5784407131745998
4720,170579176,170579369,170579377,1,8,67,0.3227515014711868
4721,170579176,170579369,170579377,1,7,18,0.8751294028451911
4722,170579176,170579378,170579386,1,8,82,0.2745481713113611
4723,170579176,170579378,170579386,1,8,21,0.4122654267438678
4724,170579176,170579378,170579386,1,8,62,0.7849520208757255
4725,170579176,170579378,170579386,1,8,20,0.7577226269306394
4726,170579176,170579387,170579395,1,7,30,0.11716799486465146
4727,170579176,170579387,170579395,1,8,20,0.18625558932203956
4728,170579176,170579387,170579395,1,8,143,0.7869501760290247
4729,170579176,170579387,170579395,1,7,32,0.24890340319534765
4730,170579176,170579396,170579404,1,7,21,0.5410061679278194
4731,170579176,170579396,170579404,1,8,30,0.7768851203638273
4732,170579176,170579396,170579404,1,7,20,0.8973039473831543
4733,170579176,170579396,170579404,1,7,35,0.1843115763528409
4734,170579176,170579414,170579421,1,7,21,0.9116161750435954
4735,170579176,170579414,170579421,1,7,30,0.3467870946141348
4736,170579176,170579414,170579421,1,7,20,0.9915127456577731
4737,170579176,170579414,170579421,1,7,30,0.5355710067891644
4738,170579176,170579424,170579438,1,14,48,0.8008147167345182
4739,170579176,170579424,170579439,1,14,69,0.3968375015563198
4740,170579176,170579424,170579439,1,14,76,0.9862238053590663
4741,170579176,170579424,170579439,1,14,63,0.8818102898761686
4742,170579176,170579439,170579449,1,9,21,0.6980675565387053
4743,170579176,170579439,170579449,1,9,30,0.8950450454742052
4744,170579177,170579439,170579449,1,9,66,0.6741470220049459
4745,170579177,170579439,170579449,1,9,21,0.3644661885438716
4746,170579177,170579449,170579458,1,8,18,0.43556427841199985
4747,170579177,170579449,170579458,1,8,32,0.44176857306315276
4748,170579177,170579449,170579458,1,8,30,0.36286997488412287
4749,170579177,170579449,170579459,1,9,33,0.8898965142657659
4750,170579177,170579460,170579469,1,8,30,0.021161528647205885
4751,170579177,170579460,170579469,1,8,21,0.40758269240218914
4752,170579177,170579460,170579469,1,8,21,0.3972711851307382
4753,170579177,170579460,170579469,1,8,26,0.9401637309842612
4754,170579177,170579470,170579479,1,9,18,0.4761931076038839
4755,170579177,170579195,170579201,2,6,21,0.603832589297282
4756,170579177,170579470,170579478,1,8,30,0.9574941009965259
4757,170579177,170579470,170579479,1,9,41,0.8109587810268094
4758,170579177,170579470,170579478,1,8,20,0.3632289537715121
4759,170579177,170579480,170579489,1,8,30,0.023906097324789877
4760,170579177,170579480,170579489,1,8,21,0.6244126846843365
4761,170579177,170579480,170579489,1,8,30,0.29269125468851753
4762,170579177,170579480,170579489,1,9,32,0.4557113993921683
4763,170579177,170579490,170579498,1,8,20,0.8600571519780063
4764,170579177,170579490,170579498,1,8,30,0.8150791587830125
4765,170579177,170579195,170579200,2,5,22,0.9157236546063457
4766,170579181,170579181,170579198,1,16,27,0.5381163539652237
4767,170579190,170579190,170581734,1,2544,27,0.7688600341807401
4768,170579218,170579218,170579231,2,12,21,0.5457888260496763
4769,170579219,170579219,170579726,1,506,20,0.8104979474030096
4770,170579219,170579219,170579222,1,3,18,0.9874313561319056
4771,170579221,170579221,170579824,1,602,44,0.2798827389196952
4772,170579225,170579225,170580719,1,1494,33,0.4856397187655668
4773,170579226,170579227,170579234,2,7,21,0.8665195772299784
4774,170579231,170579233,170579350,1,117,29,0.19749500740315473
4775,170579242,170579243,170579750,1,506,24,0.5829441483077084
4776,170579251,170579252,170579258,1,6,16,0.8232982244144239
4777,170579255,170579256,170579279,1,23,32,0.550468123025375
4778,170579263,170579263,170579287,2,24,90,0.5381509857080051
4779,170579275,170579275,170581820,1,2544,27,0.2744796098235156
4780,170579279,170579279,170579689,2,410,81,0.6062561380377434
4781,170579284,170579284,170579288,1,3,31,0.38769312596613914
4782,170579295,170579295,170579316,1,20,39,0.2917295639363553
4783,170579307,170579308,170580031,1,723,26,0.5553510643991713
4784,170579307,170579308,170580031,1,723,26,0.0943134095578666
4785,170579314,170579314,170579322,1,7,22,0.043635081138546084
4786,170579328,170579328,170579339,4,10,39,0.5547160842288138
4787,170579342,170579342,170581674,1,2332,36,0.44320157204638655
4788,170579349,170579349,170579371,2,22,96,0.22795928208631466
4789,170579352,170579352,170579355,1,2,32,0.005833893098646903
4790,170579355,170579356,170579385,1,29,31,0.0004419976514722368
4791,170579374,170579374,170579991,1,616,46,0.6129007040396647
4792,170579375,170579375,170579789,1,413,25,0.7568669915354316
4793,170579379,170579379,170579749,1,370,32,0.3313913599028625
4794,170579380,170579380,170579753,1,373,32,0.6738916506157362
4795,170579393,170579393,170588030,1,8636,96,0.8546092622818756
4796,170579398,170579398,170580121,1,723,47,0.8112223284999551
4797,170579400,170579400,170579691,1,291,32,0.4539709005993342
4798,170579400,170579400,170579409,1,8,32,0.7684246951663707
4799,170579400,170579400,170579692,1,291,54,0.1519831785807566
4800,170579401,170579401,170580127,1,725,47,0.6179447470512248
4801,170579405,170579405,170579415,2,9,79,0.029314043339082607
4802,170579412,170579414,170579919,1,505,39,0.44498046422458226
4803,170579414,170579415,170579440,1,24,84,0.8891592579424263
4804,170579415,170579415,170580143,1,727,21,0.9808611938913576
4805,170579431,170579440,170588083,3,8643,46,0.3937316463733307
4806,170579442,170579444,170579947,1,502,22,0.21569555071249868
4807,170579444,170579444,170579932,1,487,36,0.6551236081658833
4808,170579444,170579444,170580139,1,694,32,0.8837557757068907
4809,170579449,170579449,170579637,1,187,32,0.4844379914753638
4810,170579449,170579449,170579671,1,222,31,0.559570929728534
4811,170579452,170579452,170579707,1,254,42,0.8780993099761716
4812,170579453,170579453,170579787,1,333,32,0.40594653199151487
4813,170579453,170579455,170579956,1,501,23,0.30383513463920964
4814,170579456,170579471,170579957,1,485,59,0.43656009175320665
4815,170579457,170579521,170588165,3,8643,67,0.6913315331682812
4816,170579457,170579497,170580190,1,693,31,0.4764167749931938
4817,170579464,170579466,170579486,1,20,64,0.9331084449439716
4818,170579484,170579525,170588167,3,8642,56,0.5721993879140749
4819,170579498,170579500,170587714,1,8213,67,0.5009378257500102
4820,170579498,170579505,170587714,1,8208,58,0.9985196541233793
4821,170579498,170579505,170587714,1,8208,59,0.8243374386442046
4822,170579499,170579510,170587714,1,8203,90,0.06394182943718929
4823,170579499,170579500,170579528,1,28,123,0.5267766915252046
4824,170579552,170579554,170579574,1,20,37,0.23934294065595496
4825,170579568,170579568,170579578,2,10,22,0.5972119677669235
4826,170579581,170579581,170580974,1,1392,21,0.0369342704619936
4827,170579590,170579592,170579608,1,16,106,0.8621452809718878
4828,170579630,170579631,170579652,1,21,105,0.012694106850610787
4829,170579635,170579635,170579645,2,10,21,0.017354679447435073
4830,170579687,170579687,170580588,1,900,23,0.8182772322220659
4831,170579687,170579687,170581054,1,1366,24,0.4688108968455552
4832,170579693,170579695,170580597,1,902,24,0.19107045699881497
4833,170579695,170579695,170580000,1,305,33,0.7543504474464156
4834,170579695,170579695,170580009,1,314,35,0.6685409030966475
4835,170579703,170579703,170581275,1,1571,66,0.4707993841767205
4836,170579703,170579703,170581274,1,1571,60,0.4861691264871614
4837,170579703,170579703,170579712,1,9,23,0.3360806053296702
4838,170579703,170579703,170582294,1,2591,55,0.6132356082544995
4839,170579703,170579703,170582341,1,2637,47,0.12911778864059054
4840,170579703,170579703,170579712,1,9,21,0.13494417748515108
4841,170579703,170579703,170579712,1,8,18,0.28177169622175136
4842,170579703,170579703,170582910,1,3207,37,0.4277247818820007
4843,170579703,170579703,170588348,1,8644,92,0.48680094295852594
4844,170579703,170579703,170588348,1,8644,101,0.6551345308402999
4845,170579703,170579703,170587325,1,7621,83,0.7044794825305437
4846,170579703,170579703,170588339,1,8636,34,0.8125801090116047
4847,170579703,170579703,170587355,1,7651,83,0.6783474216591241
4848,170579703,170579703,170588339,1,8635,35,0.07451096372446397
4849,170579703,170579709,170586575,1,6866,33,0.08763261137948486
4850,170579703,170579715,170579721,1,5,24,0.06020338879250442
4851,170579703,170579715,170588351,1,8635,34,0.9720597061610621
4852,170579703,170579715,170579720,1,4,20,0.07154312441465482
4853,170579703,170579715,170579720,1,4,21,0.18133012609477916
4854,170579703,170579715,170579721,1,5,58,0.6748933847695466
4855,170579703,170579722,170582302,1,2580,60,0.9643004985554783
4856,170579703,170579722,170582938,1,3215,35,0.6509458243647812
4857,170579703,170579722,170582988,1,3265,44,0.6195515990612317
4858,170579703,170579723,170582352,1,2628,48,0.5813269669500024
4859,170579703,170579727,170579733,1,5,19,0.06728960783326132
4860,170579703,170579735,170586577,1,6842,31,0.0215556556983747
4861,170579703,170579740,170579744,1,4,17,0.9423140042391536
4862,170579703,170579740,170579746,1,6,73,0.6790798984893522
4863,170579703,170579746,170579751,1,4,17,0.5811480582012466
4864,170579703,170579748,170588384,1,8636,29,0.7619659792768441
4865,170579703,170579751,170579757,1,5,27,0.6554690141372477
4866,170579703,170579751,170583016,1,3264,41,0.02571373183614445
4867,170579703,170579752,170579757,1,4,17,0.4608103135860957
4868,170579725,170579754,170580255,1,501,46,0.9218643917058552
4869,170579750,170579754,170580255,1,501,26,0.3701868607877784
4870,170579764,170579766,170579785,1,19,134,0.2421590948422927
4871,170579766,170579766,170579777,2,11,18,0.6467682561983343
4872,170579770,170579779,170579801,2,21,91,0.3626283221223042
4873,170579770,170579780,170586693,1,6913,91,0.389171699318862
4874,170579770,170579789,170584534,2,4745,37,0.5799269206024307
4875,170579770,170579791,170579808,2,16,23,0.6743547881454052
4876,170579770,170579770,170579893,1,122,32,0.6443724119707763
4877,170579770,170579809,170579826,2,17,23,0.7578997174269675
4878,170579783,170579813,170583450,1,3636,57,0.4024963800122011
4879,170579794,170579801,170579811,2,10,28,0.9921330423401055
4880,170579798,170579803,170579813,2,10,18,0.9529549916354777
4881,170579808,170579809,170580709,1,899,23,0.6763423650763024
4882,170579808,170579809,170580712,1,902,23,0.16862416159405758
4883,170579809,170579813,170583483,1,3670,41,0.49052234210023615
4884,170579816,170579816,170580717,1,901,23,0.37497756550756023
4885,170579817,170579817,170580000,1,183,30,0.6428884671787152
4886,170579827,170579828,170581574,1,1746,25,0.8684287714337305
4887,170579832,170579832,170580138,2,305,87,0.030490344769202538
4888,170579833,170579833,170579843,2,9,21,0.10369375987367035
4889,170579833,170579833,170582591,1,2757,75,0.32913841944200406
4890,170579846,170579846,170583513,1,3667,39,0.4472912471915288
4891,170579847,170579847,170583453,1,3605,43,0.6807552274535483
4892,170579850,170579876,170583335,1,3458,41,0.879164229797277
4893,170579868,170579891,170579908,2,17,21,0.4851991684876332
4894,170579868,170579900,170584421,2,4521,67,0.394931370663559
4895,170579868,170579944,170584724,2,4779,78,0.5424033543368655
4896,170579869,170579944,170584726,2,4781,78,0.38551939504654287
4897,170579870,170579890,170579899,2,9,20,0.5958497548314935
4898,170579876,170579901,170586821,1,6920,43,0.8246577271729297
4899,170579879,170579913,170583574,1,3661,38,0.06369297175460831
4900,170579903,170579910,170583514,1,3603,21,0.07023072868892677
4901,170579914,170579939,170583544,1,3604,30,0.33805293303967343
4902,170579919,170579944,170583546,1,3602,76,0.5188757700293444
4903,170579919,170579925,170580425,1,500,40,0.6122558455079113
4904,170579924,170579944,170583547,1,3602,76,0.7951511293522289
4905,170579925,170579933,170580060,1,126,34,0.5519190528838694
4906,170579944,170579944,170581811,1,1866,77,0.2913533021345218
4907,170579947,170579948,170580448,1,499,22,0.6729333897282724
4908,170579956,170579958,170580460,1,501,22,0.900442934138645
4909,170579958,170579958,170579970,2,12,54,0.0987240888248675
4910,170580017,170580017,170580167,1,150,30,0.003579564885949793
4911,170580031,170580031,170580754,1,723,43,0.10950390204948646
4912,170580031,170580031,170580754,1,723,29,0.15772381672933156
4913,170580051,170580051,170580062,2,11,92,0.09622943995112665
4914,170580080,170580080,170580087,2,7,18,0.42823209707255083
4915,170580097,170580097,170580105,2,7,18,0.5913799966129495
4916,170580121,170580121,170580844,1,723,27,0.9997758959523357
4917,170580127,170580127,170580850,1,723,47,0.7742820231634658
4918,170580160,170580192,170580205,2,12,21,0.8185346649702214
4919,170580168,170580168,170580177,1,9,30,0.28733206398563205
4920,170580201,170580206,170580216,2,10,18,0.046543239008874804
4921,170580207,170580218,170580227,2,9,18,0.672456303373251
4922,170580210,170580210,170580393,1,183,30,0.8603837548158618
4923,170580242,170580242,170580251,2,8,18,0.5981402402887593
4924,170580243,170580253,170580262,2,9,18,0.6706610915524202
4925,170580255,170580257,170580760,1,503,46,0.6643249201060241
4926,170580255,170580257,170580758,1,501,25,0.5443641209144764
4927,170580270,170580270,170580279,2,8,18,0.8694734197140924
4928,170580271,170580280,170580289,2,8,18,0.7387925781978334
4929,170580286,170580290,170580299,2,8,18,0.4378050173573057
4930,170580294,170580300,170580348,1,47,75,0.1633053131715172
4931,170580330,170580350,170580361,2,11,24,0.6107034508585459
4932,170580331,170580363,170580373,2,9,19,0.36671876793297165
4933,170580368,170580591,170589236,16,8644,46,0.4090269484756718
4934,170580395,170580395,170580659,1,264,53,0.9620503811730856
4935,170580413,170580413,170580422,2,9,18,0.32808228878970414
4936,170580422,170580424,170580432,2,8,18,0.03305030079282478
4937,170580425,170580426,170580927,1,501,22,0.5503415481090634
4938,170580440,170580440,170580449,2,8,36,0.30238263951388444
4939,170580441,170580441,170580450,2,8,17,0.3683486139545953
4940,170580448,170580451,170580951,1,500,22,0.9741329945543383
4941,170580460,170580461,170580964,1,502,39,0.5242919002812617
4942,170580499,170580499,170580532,2,32,18,0.06276840406130313
4943,170580554,170580554,170580678,2,123,18,0.3685366737909844
4944,170580588,170580589,170581489,1,899,22,0.1413482645353189
4945,170580597,170580599,170581497,1,898,23,0.4515136042305572
4946,170580661,170580661,170582584,1,1923,54,0.5763587285862317
4947,170580709,170580710,170581611,1,901,24,0.8894201089608225
4948,170580712,170580713,170581616,1,902,23,0.596233194025974
4949,170580717,170580721,170581622,1,901,30,0.29651176737320806
4950,170580754,170580755,170581480,1,725,27,0.13766797894823524
4951,170580754,170580755,170581480,1,725,26,0.693885306751172
4952,170580758,170580759,170581260,1,500,43,0.9952110491825815
4953,170580760,170580761,170581262,1,501,29,0.1414236378532786
4954,170580771,170580771,170580780,2,8,52,0.263365694664351
4955,170580781,170581194,170581204,60,10,113,0.08611546301717954
4956,170580844,170580846,170581570,1,724,26,0.7976095662385366
4957,170580850,170580850,170581573,1,722,27,0.7444300474612292
4958,170580927,170580929,170581430,1,501,22,0.9141227839923279
4959,170580951,170580952,170581452,1,500,24,0.037770608619112744
4960,170580964,170580964,170581466,1,501,22,0.28844546467647836
4961,170581186,170581186,170581191,1,4,18,0.15239114365116402
4962,170581260,170581262,170581767,1,505,36,0.6841717289178987
4963,170581262,170581264,170581767,1,503,24,0.2640364084097083
4964,170581418,170581420,170589883,4,8463,47,0.5360379846222157
4965,170581430,170581432,170581932,1,500,20,0.9417994486201512
4966,170581452,170581454,170581953,1,499,24,0.14672635139455847
4967,170581466,170581467,170581969,1,501,42,0.8975672589750202
4968,170581480,170581480,170582203,1,723,26,0.9717296436359498
4969,170581480,170581480,170582203,1,723,39,0.47755436227679215
4970,170581489,170581490,170582389,1,898,23,0.6576284485427525
4971,170581497,170581499,170582400,1,901,46,0.8883673726841886
4972,170581504,170581506,170589969,4,8462,47,0.7944729849603991
4973,170581517,170581518,170589982,4,8463,38,0.12358218339226723
4974,170581570,170581570,170582294,1,723,28,0.8639431946317438
4975,170581573,170581573,170582297,1,723,26,0.48805223945387655
4976,170581611,170581613,170582513,1,899,23,0.7158922901451541
4977,170581616,170581618,170582520,1,902,23,0.6353787992604344
4978,170581622,170581623,170582525,1,901,30,0.7344898188933526
4979,170581767,170581769,170582272,1,502,31,0.471717883221892
4980,170581767,170581769,170582272,1,502,22,0.09128350755573778
4981,170581932,170581933,170582435,1,501,20,0.7099356124176908
4982,170581953,170581955,170582458,1,502,24,0.2871886266666769
4983,170581969,170581972,170582472,1,500,42,0.6031792846680697
4984,170582203,170582203,170582926,1,722,25,0.9709805451761467
4985,170582203,170582203,170582926,1,722,26,0.26014037696168224
4986,170582272,170582273,170582776,1,502,31,0.09644659716878212
4987,170582272,170582273,170582776,1,502,22,0.07782427239604128
4988,170582294,170582294,170583016,1,722,35,0.8863110359863251
4989,170582297,170582297,170583020,1,723,28,0.8181352878778392
4990,170582346,170582346,170582426,1,79,26,0.36010062023705625
4991,170582346,170582347,170582431,1,84,19,0.25165520571893596
4992,170582389,170582390,170583292,1,901,26,0.5596369816632953
4993,170582400,170582401,170583300,1,899,22,0.6026293355062333
4994,170582435,170582436,170582934,1,498,25,0.24736172692969693
4995,170582458,170582459,170582961,1,501,20,0.7943649573517301
4996,170582472,170582473,170582977,1,503,24,0.25274039873342624
4997,170582513,170582513,170583413,1,900,45,0.6701098086648869
4998,170582520,170582520,170583421,1,900,23,0.26091354588244176
4999,170582524,170584348,170584711,16,362,31,0.44546104211515525
5000,170582524,170584846,170585209,16,362,42,0.27891710803427805
5001,170582524,170586127,170586490,16,363,64,0.6165554913129471
5002,170582524,170586630,170586994,16,364,31,0.9596151185576721
5003,170582524,170587005,170587370,16,364,52,0.26659233708210694
5004,170582524,170587383,170587748,16,364,52,0.8632719958004124
5005,170582524,170583446,170583811,4,364,74,0.09220409243260508
5006,170582524,170583811,170584174,4,362,29,0.8014000942506847
5007,170582524,170584174,170584537,4,362,27,0.4218730957738107
5008,170582524,170584820,170585185,4,364,63,0.5420788807193098
5009,170582524,170585193,170585557,4,363,26,0.024709586003974215
5010,170582524,170585579,170585944,4,364,26,0.7476018703415771
5011,170582524,170586127,170586490,4,363,29,0.16638897782254358
5012,170582524,170586532,170586895,4,362,41,0.6742440545623646
5013,170582524,170584110,170584474,8,363,32,0.9016302779465023
5014,170582524,170584723,170585086,8,362,33,0.3756860972542714
5015,170582524,170585097,170585461,8,363,29,0.0959687449466895
5016,170582524,170586127,170586490,8,363,29,0.3387978851235597
5017,170582524,170586495,170586859,8,364,31,0.637594617639571
5018,170582524,170586861,170587226,8,364,31,0.12777563906968548
5019,170582525,170582526,170583429,1,903,23,0.83789099767334
5020,170582776,170582777,170583279,1,501,22,0.10253663702969751
5021,170582776,170582777,170583279,1,501,21,0.02702399905816011
5022,170582801,170582801,170583590,1,788,43,0.7742396565420936
5023,170582813,170582813,170582823,2,10,21,0.5177906460459278
5024,170582813,170582813,170583596,1,783,30,0.6377533012784878
5025,170582814,170582814,170583152,2,338,79,0.03746941765344991
5026,170582819,170582819,170583742,1,922,21,0.5380437508435194
5027,170582827,170582827,170583839,1,1012,21,0.13724978590739778
5028,170582839,170582839,170582908,1,68,62,0.25588314385394995
5029,170582884,170582884,170590830,1,7945,77,0.6793733909587268
5030,170582885,170582885,170590830,1,7944,54,0.756061976410407
5031,170582885,170582885,170590829,1,7944,30,0.6726016405289006
5032,170582886,170582886,170590829,1,7943,31,0.0722590093376887
5033,170582886,170582887,170583051,1,163,146,0.5237641026750384
5034,170582887,170582887,170583067,1,179,73,0.34377113430333683
5035,170582887,170582887,170583001,1,114,86,0.5389023800594497
5036,170582887,170582887,170583067,1,179,74,0.217505288692873
5037,170582893,170582893,170582899,2,5,21,0.15568697426437061
5038,170582926,170582927,170583652,1,724,38,0.712908425081569
5039,170582926,170582927,170583653,1,725,45,0.4230916083126999
5040,170582934,170582936,170583437,1,501,25,0.0021831639083382814
5041,170582941,170582941,170582967,1,26,67,0.17114362295905305
5042,170582946,170582946,170583310,1,363,45,0.8557311857920346
5043,170582947,170582948,170583310,1,362,43,0.3454517476833364
5044,170582949,170582950,170583312,1,362,30,0.7147256812142709
5045,170582950,170582950,170583312,1,362,31,0.624197808159484
5046,170582961,170582961,170583464,1,502,21,0.12854943494298832
5047,170582968,170582968,170583077,1,108,57,0.45950549939809726
5048,170582977,170582979,170583482,1,502,24,0.24089478756315563
5049,170583013,170583013,170583027,1,14,17,0.7929293991603469
5050,170583016,170583017,170583739,1,722,32,0.7828539709357643
5051,170583020,170583020,170583742,1,722,35,0.5999056042748315
5052,170583029,170583030,170583048,2,18,32,0.9977872171289578
5053,170583031,170583031,170583113,1,81,20,0.8040279651604025
5054,170583066,170583066,170588234,1,5168,492,0.9788091675089143
5055,170583074,170583074,170583081,2,7,32,0.1903425676129764
5056,170583085,170583245,170584227,8,981,129,0.7474077737183994
5057,170583092,170583092,170583355,1,263,307,0.33021283036099414
5058,170583108,170583109,170583116,2,7,32,0.7721109879955232
5059,170583178,170583178,170583503,2,324,92,0.307885437967084
5060,170583213,170583213,170583222,2,9,24,0.04344394079488245
5061,170583252,170583252,170583260,2,7,18,0.6689895558029354
5062,170583261,170583261,170584129,1,868,120,0.5602303679758728
5063,170583261,170583261,170584119,1,857,109,0.9300163588584051
5064,170583262,170583262,170584122,1,859,129,0.09472743780297421
5065,170583262,170583262,170584122,1,859,106,0.16241369300291641
5066,170583262,170583262,170584029,1,766,102,0.04255728691389249
5067,170583263,170583263,170584028,1,765,101,0.8139756239291769
5068,170583263,170583264,170583922,1,658,95,0.2895255215606085
5069,170583264,170583264,170583913,1,649,96,0.19916237894565747
5070,170583264,170583264,170583918,1,653,95,0.3224978168136031
5071,170583264,170583264,170583271,2,7,19,0.9406044692358684
5072,170583264,170583264,170583931,1,666,96,0.44157594965027636
5073,170583265,170583265,170583866,1,601,90,0.26175446831123805
5074,170583265,170583265,170583867,1,602,90,0.15113820323631055
5075,170583270,170583572,170584837,128,1264,353,0.970492056220775
5076,170583279,170583280,170583784,1,504,21,0.9815221808605542
5077,170583279,170583280,170583784,1,504,22,0.29613474917800375
5078,170583292,170583295,170584195,1,900,27,0.8927762437315796
5079,170583300,170583302,170584201,1,899,23,0.12732158619598433
5080,170583345,170583345,170583709,1,363,41,0.3557324627446834
5081,170583345,170583345,170583709,1,363,43,0.5144441540659573
5082,170583345,170583345,170583709,1,363,29,0.5631881792553498
5083,170583346,170583346,170583709,1,362,29,0.5979753420192082
5084,170583356,170583356,170583380,1,24,40,0.7333227113568218
5085,170583356,170583356,170583380,1,23,25,0.9458738896732779
5086,170583357,170583357,170583379,1,21,26,0.7809210318133893
5087,170583357,170583357,170583376,1,18,38,0.5955293324528426
5088,170583388,170583388,170583564,1,175,137,0.25365151245908424
5089,170583388,170583388,170583576,1,187,96,0.2277296381989934
5090,170583389,170583389,170583513,1,124,121,0.3264994417723076
5091,170583389,170583389,170583576,1,186,78,0.4366036141882732
5092,170583412,170583412,170584135,1,722,40,0.2656007236146327
5093,170583413,170583415,170584313,1,898,44,0.1914415243702121
5094,170583421,170583421,170584320,1,899,45,0.3511542607777357
5095,170583421,170583422,170584147,1,724,340,0.6733948991813481
5096,170583429,170583431,170584330,1,899,39,0.7014245321599395
5097,170583437,170583442,170583942,1,500,22,0.13563317548651976
5098,170583464,170583464,170583964,1,500,25,0.2595525199422629
5099,170583473,170583473,170583497,2,23,25,0.045797594008984976
5100,170583482,170583484,170583985,1,501,21,0.8297785601338646
5101,170583506,170583506,170583512,2,6,17,0.5414491420406788
5102,170583527,170583527,170583530,2,3,20,0.6389551353215392
5103,170583549,170583549,170583685,1,136,99,0.8019375432138373
5104,170583554,170583554,170583609,1,55,67,0.1698717747964057
5105,170583556,170583558,170583602,1,44,87,0.8772278931626637
5106,170583564,170583564,170583811,1,246,32,0.6031952254388853
5107,170583573,170583573,170583620,2,47,27,0.5496076455739743
5108,170583600,170583600,170584624,2,1023,78,0.12469382069627633
5109,170583607,170583607,170587511,1,3903,80,0.37816056830136924
5110,170583610,170583610,170587510,1,3900,83,0.057192101186837374
5111,170583630,170583630,170583640,2,9,41,0.9621700138340795
5112,170583652,170583652,170584610,1,957,22,0.6333652810326852
5113,170583652,170583652,170583718,2,65,34,0.44671638869638786
5114,170583653,170583653,170584378,1,725,49,0.4704806340007187
5115,170583653,170583653,170584378,1,725,29,0.9599703582614804
5116,170583654,170583654,170584577,1,922,21,0.8113750992215316
5117,170583690,170583690,170583784,1,94,89,0.7174538744006771
5118,170583727,170583727,170583752,2,25,27,0.5180507194353609
5119,170583739,170583740,170584462,1,722,35,0.2703489251817981
5120,170583742,170583743,170584465,1,722,32,0.3880300343159049
5121,170583742,170583743,170583745,1,2,27,0.09576292808230391
5122,170583759,170583759,170583781,2,22,96,0.5345349957721544
5123,170583760,170583760,170584383,1,623,60,0.5030825860022374
5124,170583784,170583785,170584286,1,501,30,0.3302592247284094
5125,170583784,170583785,170584288,1,502,22,0.8154536506966631
5126,170583839,170583840,170584203,1,363,29,0.6613250157674172
5127,170583839,170583840,170584204,1,363,43,0.1150545773931202
5128,170583839,170583840,170584204,1,363,29,0.4639331638080021
5129,170583839,170583840,170584204,1,363,37,0.08765477465004157
5130,170583852,170583852,170583979,1,127,29,0.10749693813524308
5131,170583860,170583861,170584098,1,236,26,0.47208097232972746
5132,170583863,170583863,170583885,2,21,100,0.012971156032852038
5133,170583902,170583902,170583910,1,7,40,0.9935095933948721
5134,170583905,170583905,170584879,1,973,36,0.5129659303354563
5135,170583906,170583907,170584877,1,970,21,0.8508493836840487
5136,170583921,170583921,170583982,1,61,67,0.006373520645795994
5137,170583942,170583942,170584443,1,501,23,0.5760071686178796
5138,170583964,170583965,170584465,1,500,21,0.2392794193680876
5139,170583985,170583985,170584488,1,502,21,0.6329586987705614
5140,170584029,170584029,170584066,2,36,101,0.9924741416480714
5141,170584044,170584044,170584162,16,117,134,0.055698687318864404
5142,170584044,170584110,170584244,16,134,152,0.5043250471922021
5143,170584044,170584110,170584117,16,7,20,0.7011444019830642
5144,170584099,170584099,170585666,1,1566,26,0.2880265433193405
5145,170584102,170584102,170584137,2,34,76,0.36462507077779915
5146,170584114,170584114,170584245,1,131,31,0.7410620398919279
5147,170584140,170584140,170587229,2,3089,148,0.8639932153480435
5148,170584156,170584156,170584166,1,10,28,0.046528613707944144
5149,170584156,170584156,170584167,1,11,28,0.43543170730156366
5150,170584156,170584156,170584168,1,11,36,0.9384069402551928
5151,170584156,170584156,170584168,1,11,20,0.09735673622213825
5152,170584156,170584167,170584176,1,8,33,0.6799810703082166
5153,170584156,170584169,170584176,1,7,28,0.25082316635181523
5154,170584156,170584169,170584177,1,7,28,0.7476984727920988
5155,170584156,170584169,170584177,1,7,21,0.8685700478857474
5156,170584156,170584177,170584185,1,7,36,0.6436678327371859
5157,170584156,170584178,170584185,1,7,96,0.8884003927781546
5158,170584156,170584178,170584186,1,7,29,0.4074740894099834
5159,170584157,170584178,170584186,1,7,29,0.7960622603682355
5160,170584157,170584187,170584194,1,7,37,0.047414504105681154
5161,170584157,170584187,170584194,1,7,21,0.944767567486669
5162,170584157,170584187,170584194,1,7,96,0.7753867039648038
5163,170584157,170584187,170584195,1,7,28,0.7227635311166143
5164,170584157,170584196,170584204,1,7,28,0.8554084706130181
5165,170584157,170584196,170584204,1,7,37,0.8444145025341008
5166,170584157,170584196,170584204,1,7,21,0.017481232065862384
5167,170584157,170584196,170584204,1,7,43,0.6020612278606752
5168,170584157,170584204,170584213,1,8,28,0.49041072833598975
5169,170584157,170584205,170584215,1,9,33,0.9459843123493655
5170,170584157,170584214,170584222,1,8,28,0.18258988488754246
5171,170584157,170584215,170584223,1,8,28,0.7719894826294331
5172,170584157,170584215,170584224,1,9,27,0.10728408110257015
5173,170584157,170584215,170584224,1,8,36,0.795939630906494
5174,170584157,170584224,170584232,1,8,30,0.14668530253443424
5175,170584157,170584224,170584232,1,8,18,0.7602554582666912
5176,170584157,170584226,170584234,1,8,63,0.5796388450078328
5177,170584157,170584226,170584234,1,8,18,0.27081648435170236
5178,170584157,170584234,170584242,1,8,28,0.3689406358059185
5179,170584157,170584234,170584242,1,8,23,0.7703569061048546
5180,170584157,170584236,170584244,1,8,28,0.4690920898922938
5181,170584157,170584236,170584244,1,8,36,0.9380200353880995
5182,170584157,170584244,170584252,1,8,18,0.7874833580993601
5183,170584157,170584244,170584252,1,8,30,0.5452430232360617
5184,170584157,170584246,170584254,1,8,28,0.6468475999492229
5185,170584157,170584246,170584254,1,8,18,0.022188629167110507
5186,170584157,170584255,170584263,1,7,30,0.8148047234653824
5187,170584157,170584255,170584263,1,7,18,0.5003143779226618
5188,170584158,170584253,170584262,1,8,28,0.4571840271598382
5189,170584158,170584253,170584262,1,8,23,0.6705535732564503
5190,170584158,170584263,170584271,1,7,29,0.840031533188735
5191,170584158,170584263,170584271,1,7,18,0.20270392129395998
5192,170584158,170584263,170584271,1,7,28,0.4990199376347365
5193,170584158,170584263,170584271,1,7,23,0.9210740684254161
5194,170584158,170584274,170584282,1,7,55,0.522369203551418
5195,170584158,170584274,170584282,1,7,30,0.9261548228652974
5196,170584158,170584274,170584282,1,7,47,0.0158941790286099
5197,170584158,170584274,170584282,1,8,18,0.8948043998581965
5198,170584158,170584284,170584291,1,7,53,0.3251571503204702
5199,170584158,170584284,170584292,1,8,28,0.39589862356905925
5200,170584158,170584284,170584291,1,7,23,0.2088897594368413
5201,170584158,170584284,170584292,1,8,36,0.2157252366378246
5202,170584158,170584293,170584301,1,7,28,0.6787122056238879
5203,170584158,170584293,170584301,1,7,18,0.8170158471453123
5204,170584158,170584293,170584301,1,7,23,0.29575503146821225
5205,170584158,170584293,170584301,1,7,53,0.23200731871075375
5206,170584158,170584302,170584313,1,10,36,0.7692864898177502
5207,170584158,170584302,170584314,1,11,20,0.9862606253915733
5208,170584158,170584302,170584313,1,11,18,0.15903317420755259
5209,170584158,170584314,170584322,1,8,28,0.8907644545668965
5210,170584158,170584302,170584313,1,11,28,0.20587945285533793
5211,170584164,170584164,170584607,1,442,33,0.9321990638846513
5212,170584167,170584169,170584723,1,554,21,0.1473631448885917
5213,170584170,170584170,170585002,1,831,21,0.7437246494269567
5214,170584175,170584175,170584640,1,464,20,0.17028289903175708
5215,170584182,170584182,170584616,1,434,40,0.42620197992799214
5216,170584186,170584187,170584733,1,546,21,0.6784223087262661
5217,170584189,170584190,170584617,1,427,20,0.6467566770761799
5218,170584193,170584289,170592873,60,8583,85,0.11037685900578864
5219,170584195,170584196,170585096,1,900,24,0.05436080301144597
5220,170584196,170584197,170584606,1,409,24,0.48219867924939486
5221,170584199,170584199,170584736,1,536,24,0.9673627515776285
5222,170584201,170584203,170585103,1,900,27,0.25380069957399454
5223,170584215,170584215,170584221,2,5,18,0.06421959847902026
5224,170584286,170584288,170584790,1,502,20,0.13794516662257583
5225,170584288,170584289,170584790,1,501,30,0.36033021510591234
5226,170584302,170584302,170584608,1,305,33,0.6557713945663276
5227,170584313,170584314,170585214,1,900,25,0.00890683359315092
5228,170584320,170584321,170585220,1,899,45,0.9481974250982786
5229,170584330,170584331,170585230,1,899,24,0.5981977664367844
5230,170584348,170584348,170584353,2,4,40,0.6260966200742828
5231,170584378,170584379,170584831,1,452,41,0.027284268999811623
5232,170584378,170584379,170584831,1,452,27,0.6678998706492921
5233,170584393,170584393,170585115,1,722,38,0.8350925945558811
5234,170584397,170584397,170584520,1,122,52,0.4126159072533476
5235,170584402,170584402,170587285,1,2883,24,0.3503179339246769
5236,170584406,170584406,170584472,2,66,262,0.9024732815549251
5237,170584410,170584410,170587294,1,2884,21,0.8667091409526584
5238,170584420,170584420,170587303,1,2883,22,0.5704614575020382
5239,170584426,170584426,170587309,1,2883,25,0.6995069253608679
5240,170584428,170584486,170586469,32,1982,176,0.09700295956300031
5241,170584428,170584625,170586062,32,1437,92,0.5152931924125926
5242,170584428,170584628,170586620,32,1991,117,0.281108194474076
5243,170584428,170584699,170586138,32,1439,187,0.705565587715276
5244,170584428,170584784,170586773,32,1989,93,0.5592124240419049
5245,170584428,170584846,170586282,32,1436,78,0.18276504682418437
5246,170584428,170585517,170587506,32,1989,98,0.4547747579443553
5247,170584428,170585543,170586986,32,1442,162,0.66000225914726
5248,170584428,170585653,170587648,32,1995,99,0.6823897805552646
5249,170584428,170585873,170587308,32,1435,98,0.3614164281844491
5250,170584428,170585909,170587898,32,1988,153,0.5244693873457196
5251,170584428,170586017,170587449,32,1432,90,0.9509587694091519
5252,170584428,170586065,170588054,32,1988,92,0.38318278408632533
5253,170584428,170586119,170588117,32,1997,92,0.21629574279922048
5254,170584428,170586119,170588122,32,2002,78,0.6628215410344761
5255,170584428,170586119,170587559,32,1440,91,0.7739613680323089
5256,170584428,170586119,170587562,32,1442,93,0.9928972786901171
5257,170584428,170586283,170588270,32,1986,87,0.12561591699783659
5258,170584428,170586139,170587582,32,1443,85,0.5137130872580228
5259,170584428,170586478,170587920,32,1442,78,0.5970768113653778
5260,170584428,170586620,170588783,32,2162,288,0.5075067636953298
5261,170584428,170586774,170588214,32,1439,172,0.0013545965197161447
5262,170584428,170586987,170588975,32,1987,174,0.13103274918989594
5263,170584428,170587310,170588747,32,1436,90,0.850013732979041
5264,170584428,170587451,170589434,32,1982,99,0.5444631435120719
5265,170584428,170587508,170588939,32,1431,98,0.5056070834896507
5266,170584428,170587561,170589548,32,1987,93,0.257860608501132
5267,170584428,170587565,170588999,32,1433,93,0.4876130185324409
5268,170584429,170587584,170589572,32,1987,88,0.24055145934027622
5269,170584429,170587650,170589094,32,1443,91,0.06180815946583551
5270,170584429,170587900,170589889,32,1989,100,0.1026900562868559
5271,170584429,170587922,170589360,32,1438,78,0.28297603380579583
5272,170584443,170584444,170584944,1,499,21,0.1621136122969069
5273,170584462,170584463,170584831,1,368,27,0.04793447696613595
5274,170584465,170584466,170584831,1,364,35,0.5465636092159255
5275,170584465,170584466,170584966,1,500,121,0.45473065750560804
5276,170584481,170584481,170584731,2,249,242,0.4901594689728087
5277,170584488,170584488,170584988,1,499,24,0.580693839144595
5278,170584542,170584542,170584562,5,19,40,0.9849884921441135
5279,170584566,170584566,170584583,5,16,21,0.10817823960732909
5280,170584572,170584572,170584693,1,120,49,0.23743942333455992
5281,170584592,170584593,170584609,5,16,21,0.15431919719666942
5282,170584624,170584625,170584634,1,8,18,0.9318544310569422
5283,170584624,170584625,170584690,1,64,60,0.1854236641226552
5284,170584630,170584630,170584646,5,16,21,0.1193502409948819
5285,170584647,170584647,170585190,1,543,21,0.8965332841357117
5286,170584667,170584667,170587485,1,2818,19,0.04769564343575439
5287,170584681,170584681,170584744,1,62,32,0.13146106784730882
5288,170584682,170584682,170584743,1,61,26,0.6248258551018304
5289,170584715,170584715,170584726,2,10,18,0.8262036157423995
5290,170584719,170584719,170585650,4,930,35,0.19191085334595426
5291,170584740,170584740,170584808,1,67,50,0.9972646947844548
5292,170584747,170584747,170584757,2,10,57,0.6094072848770583
5293,170584750,170584750,170585186,1,435,43,0.476544435418945
5294,170584750,170584750,170585472,1,722,32,0.14683605391013987
5295,170584751,170584751,170585185,1,434,35,0.8259883786038763
5296,170584751,170584751,170585183,1,432,50,0.11884319712519631
5297,170584751,170584752,170584772,2,20,28,0.17600810123839605
5298,170584752,170584752,170585181,1,428,38,0.7444050608475967
5299,170584754,170584754,170585179,1,424,41,0.3609991598567328
5300,170584755,170584755,170585178,1,422,23,0.7989349934483739
5301,170584783,170584783,170584792,2,9,57,0.1706641428326967
5302,170584787,170584787,170584808,2,20,29,0.872302256107222
5303,170584789,170584790,170584797,1,7,18,0.6944560355768727
5304,170584789,170584790,170584797,1,7,18,0.6284012832465304
5305,170584789,170584790,170584796,1,6,18,0.7763244374049729
5306,170584789,170584790,170584796,1,6,19,0.48711385191400425
5309,170584789,170584794,170584797,1,2,66,0.2921951071209885
5310,170584789,170584794,170584797,1,3,53,0.7620856437565463
5311,170584789,170584798,170584802,1,4,18,0.7692503945361496
5307,170584790,170584792,170585294,1,502,21,0.9025779739628274
5308,170584790,170584792,170585295,1,503,31,0.014102732319586253
5312,170584809,170584809,170584931,1,121,41,0.22319222578213072
5313,170584809,170584809,170584931,1,121,50,0.07039310575443691
5314,170584838,170584840,170584861,1,21,130,0.4205139413447001
5315,170584863,170584863,170585515,4,652,100,0.910604784631808
5316,170584877,170584877,170584893,1,15,17,0.7870144298597563
5317,170584877,170584878,170584998,1,120,62,0.7177623435812214
5318,170584886,170584886,170585608,1,722,27,0.35422758845530056
5319,170584889,170584889,170585323,5,434,45,0.889605253556721
5320,170584891,170584891,170585614,1,723,25,0.9156844687876792
5321,170584892,170590507,170590656,128,148,366,0.16599181292469156
5322,170584892,170584892,170584937,2,44,32,0.1259393317388443
5323,170584906,170585383,170586106,256,723,301,0.7537282582550583
5324,170584918,170584918,170584922,1,4,17,0.8819086214675717
5325,170584925,170584928,170584954,2,26,68,0.548039608900825
5326,170584930,170584952,170587714,1,2761,43,0.014499939037008414
5327,170584944,170584952,170585454,1,501,21,0.5104357656158791
5328,170584949,170584952,170584995,2,42,32,0.356466646416837
5329,170584966,170584976,170585476,1,500,21,0.6943552006081654
5330,170584966,170584976,170585002,1,25,19,0.528798900726003
5331,170584977,170584988,170585011,2,22,68,0.6585004722593281
5332,170584986,170584986,170585132,1,145,51,0.627785259921561
5333,170584988,170584988,170585489,1,501,121,0.0639775014876438
5334,170584989,170584989,170585137,1,148,37,0.1947910111526734
5335,170584992,170585012,170585053,2,40,31,0.48222036376511934
5336,170585000,170585000,170585122,1,121,61,0.6619858559026143
5337,170585000,170585001,170585122,1,121,24,0.5241550118983191
5338,170585038,170585049,170586575,1,1526,19,0.9248914520631273
5339,170585044,170585049,170585075,2,26,66,0.4620312427211617
5340,170585047,170585049,170585780,1,731,23,0.9682981876449824
5341,170585048,170585049,170585755,1,706,22,0.09722657032184268
5342,170585048,170585049,170585746,1,697,22,0.7661839947342649
5343,170585052,170585052,170585074,2,21,39,0.1781014273914897
5344,170585059,170585109,170585114,2,4,17,0.5198139943398378
5345,170585079,170585079,170585443,2,363,39,0.32706400788492085
5346,170585096,170585109,170586012,1,903,23,0.08311641368018396
5347,170585100,170585383,170586034,4,651,364,0.7198813505830156
5348,170585103,170585109,170586016,1,906,22,0.3408117696909835
5349,170585114,170585383,170586992,2,1609,40,0.8495012790086373
5350,170585114,170585383,170585403,2,20,21,0.3476978204620781
5351,170585114,170585121,170585132,2,11,17,0.9247780684455451
5352,170585114,170585386,170593459,2,8072,45,0.19130299907548542
5353,170585116,170585117,170585838,1,721,37,0.7221922860078827
5354,170585125,170585145,170585161,2,16,17,0.9139170901991734
5355,170585134,170585169,170586697,1,1527,20,0.3620372732971794
5356,170585136,170585169,170586695,1,1526,20,0.2953992025071265
5357,170585137,170585181,170586709,1,1527,42,0.06996164481989198
5358,170585138,170585181,170586706,1,1525,18,0.18207597233544448
5359,170585143,170585193,170586719,1,1526,18,0.517109018396393
5360,170585146,170585193,170586713,1,1519,19,0.37842683564210444
5361,170585148,170585193,170586721,1,1527,19,0.5431428502360769
5362,170585149,170585229,170586756,1,1526,18,0.22127727266000285
5363,170585151,170585229,170586761,1,1532,18,0.5150376877525361
5364,170585182,170585182,170585304,1,121,49,0.8524729474406926
5365,170585182,170585183,170585304,1,121,33,0.6042925113890827
5366,170585191,170585193,170585737,1,543,27,0.6448042407448691
5367,170585192,170585192,170585221,1,29,141,0.014156581101438359
5368,170585193,170585303,170585313,2,10,18,0.28729831713258824
5369,170585202,170585327,170585373,2,46,32,0.9172996628797468
5370,170585214,170585327,170586228,1,901,22,0.4426218934929522
5371,170585220,170585327,170586228,1,901,24,0.5584514896381664
5372,170585224,170585225,170585330,1,105,62,0.9106859777130515
5373,170585225,170585229,170585352,1,122,30,0.32731224739401477
5374,170585230,170585383,170586286,1,903,23,0.3759817230264989
5375,170585252,170585252,170585276,1,23,85,0.753000029102131
5376,170585294,170585383,170585893,1,510,22,0.5700980580035974
5377,170585295,170585383,170585893,1,510,21,0.9169863152233548
5378,170585323,170585323,170585339,1,16,136,0.4107966601229972
5379,170585323,170585323,170585443,1,120,33,0.039083017767777006
5380,170585369,170585383,170585394,2,11,17,0.006195589834766424
5381,170585369,170585383,170585871,8,488,43,0.1327206658055643
5382,170585379,170585383,170585505,1,122,51,0.07477626560694617
5383,170585382,170585383,170585399,1,16,133,0.559507224345436
5384,170585409,170585409,170585485,2,75,102,0.8198400293273848
5385,170585412,170585412,170591903,1,6490,21,0.32121702742794
5386,170585412,170585412,170591881,1,6468,22,0.5678492058658221
5387,170585412,170585413,170588629,1,3216,35,0.6531059125445094
5388,170585412,170585413,170588646,1,3232,19,0.1403506943335704
5389,170585412,170585413,170588641,1,3227,19,0.5351639503037802
5390,170585413,170585413,170588619,1,3206,19,0.4569886292831339
5391,170585413,170585433,170591941,1,6507,19,0.25943888855607344
5392,170585413,170585433,170591933,1,6499,77,0.02978187334077398
5393,170585418,170585433,170586040,1,606,78,0.7627226769000238
5394,170585418,170585433,170586430,1,996,91,0.8403034255067405
5395,170585419,170585433,170586431,1,998,90,0.7845195202934093
5396,170585419,170585433,170586878,1,1445,77,0.691158504738198
5397,170585420,170585433,170586581,1,1147,78,0.7571450277530518
5398,170585420,170585433,170585444,2,10,78,0.6286308172662627
5399,170585420,170585433,170585439,1,5,91,0.18799994752312665
5400,170585420,170585433,170586434,1,1000,77,0.07066152591582753
5401,170585421,170585433,170585761,1,327,91,0.4334179459148807
5402,170585432,170585433,170585453,1,19,133,0.35823701895030224
5403,170585441,170585441,170585806,2,364,46,0.8040893872330249
5404,170585444,170585444,170591694,2,6249,53,0.2991274781514959
5405,170585454,170585455,170585958,1,502,23,0.344105426260341
5406,170585463,170585463,170588190,2,2727,39,0.44903028845383053
5407,170585470,170585470,170585590,1,120,49,0.2899210877507684
5408,170585473,170585474,170586216,2,742,91,0.39554721231932943
5409,170585476,170585478,170585984,1,505,21,0.7700677041596781
5410,170585481,170585482,170585509,1,26,30,0.8741606646258995
5411,170585483,170585483,170585716,1,233,29,0.5964794477762192
5412,170585489,170585489,170585491,1,2,30,0.19389981401209722
5413,170585489,170585490,170585995,1,505,21,0.04802016536492326
5414,170585490,170585490,170585610,1,120,42,0.8949945812052451
5415,170585491,170585492,170585514,1,22,121,0.9135500986302814
5416,170585505,170585505,170586629,1,1124,134,0.289300188136813
5417,170585523,170585523,170585601,1,77,61,0.2665888216063542
5418,170585542,170585543,170585559,1,16,134,0.4931338331122047
5419,170585566,170585566,170585569,1,2,32,0.6480968640638983
5420,170585569,170585570,170585586,1,15,31,0.6330490703565228
5421,170585576,170591943,170598079,1,6136,21,0.7384976689247126
5422,170585576,170591943,170598095,1,6152,19,0.34075250646371646
5423,170585576,170591943,170594988,1,3045,24,0.5314429896675713
5424,170585576,170591943,170594973,1,3030,20,0.9245517612968484
5425,170585576,170591943,170594981,1,3038,21,0.5103569433944021
5426,170585576,170591943,170595004,1,3060,20,0.6460086170355153
5427,170585576,170591943,170598103,1,6160,35,0.20859466687408468
5428,170585576,170591943,170598134,1,6191,21,0.379137477488786
5429,170585605,170585605,170585621,1,16,133,0.8656564903051293
5430,170585608,170585610,170586335,1,724,26,0.03711766906802527
5431,170585614,170585616,170586341,1,724,26,0.5819561876242192
5432,170585664,170585664,170585786,1,121,49,0.7205029774868594
5433,170585668,170585668,170585810,1,142,57,0.5344846006731505
5434,170585673,170585673,170585810,1,137,59,0.4799837960611254
5435,170585673,170585673,170585810,1,137,59,0.487830317028609
5436,170585673,170585673,170585810,1,137,59,0.9009234983866947
5437,170585673,170585673,170585810,1,137,59,0.740489336159211
5438,170585675,170585812,170585821,2,8,71,0.5998927736993364
5439,170585680,170585680,170585936,1,256,215,0.08356864624682092
5440,170585680,170585681,170585698,1,16,38,0.22099472172321788
5441,170585693,170585695,170585786,1,90,34,0.06741502892823659
5442,170585696,170585696,170586061,1,364,43,0.7904694808363816
5443,170585696,170585696,170586061,1,364,41,0.05505896399357879
5444,170585700,170585738,170585782,1,43,25,0.11238920564871713
5445,170585709,170585748,170586087,1,339,34,0.05959565874403372
5446,170585710,170585757,170585809,1,52,21,0.7446483894362651
5447,170585717,170585762,170586065,1,302,45,0.8473596736675661
5448,170585720,170585781,170586913,1,1131,26,0.975543898837749
5449,170585726,170585783,170586891,1,1107,30,0.26463142601121825
5450,170585727,170585787,170586080,1,292,21,0.16132803193147716
5451,170585736,170585812,170586125,1,313,31,0.48255772964522836
5452,170585736,170585812,170586122,1,309,57,0.839960905597762
5453,170585739,170585812,170586163,1,351,59,0.18587102444827508
5454,170585739,170585812,170586181,1,369,59,0.5591070516952074
5455,170585746,170585823,170586208,1,384,66,0.21312364665370775
5456,170585747,170585823,170586416,1,592,71,0.7069504246546789
5457,170585750,170585834,170586313,1,479,78,0.5877550966363797
5458,170585751,170585834,170586532,1,698,76,0.8757161780075076
5459,170585769,170585834,170585840,1,6,78,0.6187486991671595
5460,170585770,170585834,170587265,1,1431,77,0.4562962519747492
5461,170585822,170585834,170586273,1,438,76,0.10507453215863827
5462,170585835,170585835,170585843,2,8,77,0.1644025151392613
5463,170585846,170585846,170585853,2,7,95,0.007101535284844029
5464,170585858,170585859,170585930,2,71,103,0.7616373980078587
5465,170585861,170585861,170585868,1,6,37,0.13797996277910696
5466,170585867,170585869,170585896,1,27,89,0.46693278786565207
5467,170585880,170585880,170586577,1,697,30,0.5911239715605277
5468,170585882,170585882,170586577,1,695,149,0.3982711512055821
5469,170585886,170585886,170586577,1,691,34,0.5362252632408707
5470,170585892,170585892,170586612,1,719,24,0.8193840454480869
5471,170585893,170585894,170586399,1,505,173,0.40734826996105955
5472,170585893,170585895,170586397,1,502,22,0.1817845605306727
5473,170585915,170585915,170585971,1,55,126,0.7131225699940904
5474,170585931,170585931,170585958,2,26,101,0.24340004417121552
5475,170585943,170585957,170594601,1,8644,180,0.46971545402228754
5476,170585943,170585943,170594132,1,8188,181,0.49547062289874944
5477,170585943,170585943,170594586,1,8643,182,0.7079364184890107
5479,170585943,170585956,170593751,1,7794,179,0.9546704100490491
5480,170585943,170585957,170594601,1,8644,179,0.68016282766215
5481,170585943,170585957,170594225,1,8268,180,0.8706417232239663
5478,170585946,170585946,170585953,1,7,31,0.033713742131274094
5482,170585957,170585958,170586145,1,186,199,0.418335915443217
5483,170585958,170585959,170586459,1,499,23,0.19820065845546486
5484,170585963,170586139,170588303,1,2163,40,0.01073483568491762
5485,170585963,170589848,170592011,1,2163,39,0.8624030088723342
5486,170585963,170592017,170594181,1,2164,37,0.7405815825815758
5487,170585963,170597645,170599807,1,2162,39,0.22485810612606294
5488,170585964,170586139,170588303,1,2163,38,0.8369981832451052
5489,170585964,170589872,170592035,1,2163,42,0.610167318312872
5490,170585964,170592041,170594205,1,2164,40,0.7477869563801001
5491,170585964,170597816,170599978,1,2162,43,0.9881435233314312
5492,170585965,170586139,170588303,1,2163,37,0.29088052599144154
5493,170585965,170589872,170592035,1,2163,36,0.7161412680638266
5494,170585965,170592041,170594205,1,2164,49,0.8134726010662311
5495,170585965,170597816,170599978,1,2162,36,0.720649169321122
5496,170585966,170586151,170588315,1,2163,41,0.11533066608923892
5497,170585966,170589872,170592035,1,2163,40,0.6671306204836545
5498,170585966,170592053,170594217,1,2164,38,0.6803411499870275
5499,170585966,170598141,170600306,1,2164,40,0.6678286538375834
5500,170585968,170597446,170599609,1,2162,22,0.33233044094270137
5501,170585968,170612206,170614369,1,2163,20,0.7739960802584556
5502,170585968,170616920,170619083,1,2162,21,0.003752716476144502
5503,170585968,170635562,170637725,1,2163,124,0.12918026403869964
5504,170585968,170597804,170599966,1,2162,20,0.38901557329261016
5505,170585968,170612218,170614382,1,2163,20,0.0895868360971197
5506,170585968,170616945,170619107,1,2162,21,0.8486637082677412
5507,170585968,170635562,170637725,1,2163,131,0.7700171397869398
5508,170585970,170586151,170588315,1,2163,48,0.8787766329293044
5509,170585970,170589872,170592035,1,2163,46,0.3718140690381191
5510,170585970,170592077,170594241,1,2164,68,0.7714851807006881
5511,170585970,170599857,170602020,1,2163,49,0.7217597308866412
5512,170585970,170586151,170588315,1,2163,75,0.6789952822977349
5513,170585970,170589872,170592035,1,2163,52,0.27330290990914075
5514,170585970,170592077,170594241,1,2164,57,0.24338709968515881
5515,170585970,170606436,170608599,1,2162,55,0.6714283870820915
5516,170585972,170586151,170588315,1,2163,56,0.20639790160549398
5517,170585972,170589872,170592035,1,2163,54,0.2885862141094423
5518,170585972,170592101,170594265,1,2164,58,0.23147015332989374
5519,170585972,170606570,170608734,1,2163,55,0.26824531905809956
5520,170585972,170586151,170588315,1,2163,65,0.3675297150198381
5521,170585972,170589872,170592035,1,2163,63,0.0305667958061151
5522,170585972,170592101,170594265,1,2164,64,0.7186725002594916
5523,170585972,170606815,170608980,1,2165,65,0.2078662425386819
5524,170585974,170586151,170588315,1,2163,63,0.18216161446806378
5525,170585974,170589884,170592047,1,2163,64,0.777901981557921
5526,170585974,170592101,170594265,1,2164,63,0.2668509351964631
5527,170585974,170606840,170609004,1,2164,69,0.13358590119501124
5528,170585974,170586151,170588315,1,2163,75,0.7942389940553737
5529,170585974,170589896,170592059,1,2163,78,0.8453321919378171
5530,170585974,170592115,170594277,1,2162,88,0.6812379463619931
5531,170585974,170610078,170612240,1,2162,76,0.787584681358569
5532,170585974,170585975,170586098,1,122,37,0.4665941377571968
5533,170585975,170585975,170586096,1,120,34,0.6024279200185448
5534,170585979,170585986,170585995,4,8,18,0.6943006472513839
5535,170585983,170589896,170592059,2,2163,47,0.34794682004110056
5536,170585983,170592115,170594277,2,2162,38,0.29875806523362725
5537,170585983,170606936,170609100,2,2163,25,0.40691774606481235
5538,170585983,170616884,170619047,2,2162,24,0.24522500345421494
5539,170585984,170585998,170586500,1,502,21,0.8538221932031121
5540,170585988,170585988,170586008,1,19,44,0.8149600810122906
5541,170585995,170585998,170586499,1,501,21,0.23450496435716972
5542,170585997,170585998,170586045,1,47,133,0.6248223278977586
5543,170585997,170585998,170586003,1,5,38,0.595131708209897
5544,170586005,170586011,170586015,4,4,32,0.9944543305985151
5545,170586012,170586014,170586915,1,900,23,0.9367310475057187
5546,170586016,170586016,170586916,1,900,23,0.03432657397748329
5547,170586028,170586029,170586107,1,78,62,0.7583018467153211
5548,170586031,170586031,170586039,1,7,19,0.4918773294741159
5549,170586032,170586033,170586043,1,10,30,0.8982230295572949
5550,170586042,170586042,170586053,4,11,19,0.3620576835804671
5551,170586043,170586043,170586056,1,13,55,0.38764682021695185
5552,170586058,170586059,170586067,1,8,19,0.6993202798975593
5553,170586062,170586064,170586073,1,9,88,0.9049097664710758
5554,170586064,170586065,170586078,1,12,31,0.8642345924362838
5555,170586070,170586070,170586575,1,505,19,0.3596067488246434
5556,170586070,170586070,170586073,1,2,51,0.6331968614487329
5557,170586073,170586073,170586658,1,585,20,0.8169318951086342
5558,170586073,170586074,170586126,1,51,132,0.6068440960473602
5559,170586074,170586074,170586092,1,18,37,0.013577526520805905
5560,170586075,170586075,170586571,1,496,21,0.5608887926651264
5561,170586075,170586075,170586093,1,17,58,0.9041154394089195
5562,170586076,170586076,170586082,1,6,88,0.09517772261824387
5563,170586079,170586079,170586610,1,530,20,0.33816367518376644
5564,170586081,170586081,170586335,2,253,86,0.44923042548475933
5565,170586082,170586082,170586583,1,500,21,0.19033729802982746
5566,170586085,170586085,170586339,2,254,86,0.5133947989665927
5567,170586085,170586085,170586634,1,548,19,0.44120488473473307
5568,170586086,170586086,170586151,1,64,492,0.6815703500113843
5569,170586087,170586089,170586332,2,243,85,0.06232223862736097
5570,170586090,170586119,170586372,2,252,86,0.8535750718991981
5571,170586094,170586119,170586652,1,533,27,0.053902992952548634
5572,170586096,170586119,170586646,1,527,28,0.4480762729993095
5573,170586099,170586119,170586600,1,480,19,0.11244371849834456
5574,170586104,170586119,170586631,1,512,19,0.6402050483740835
5575,170586106,170586119,170586565,1,446,20,0.5215965232811127
5576,170586107,170586108,170586303,1,195,58,0.95396395115317
5577,170586109,170586119,170586588,1,468,20,0.6784268833826561
5578,170586110,170586119,170586153,4,34,45,0.277428924895482
5579,170586112,170586112,170586125,1,12,44,0.17597389911742656
5580,170586122,170586122,170586133,1,11,51,0.42121888952115416
5581,170586122,170586122,170586130,1,7,30,0.49285399814353903
5582,170586122,170586122,170586561,1,438,22,0.7980631068565297
5583,170586123,170586123,170586138,1,15,30,0.5454067436590391
5584,170586124,170586127,170586134,1,7,51,0.9155763544250306
5585,170586127,170586127,170587029,1,902,42,0.019377070568128985
5586,170586129,170586129,170587032,1,902,21,0.8495695981523544
5587,170586132,170586132,170586544,1,411,20,0.10642096467858797
5588,170586134,170586135,170586153,1,17,154,0.21748618259229036
5589,170586135,170586135,170586845,1,709,19,0.01529017625449014
5590,170586138,170586138,170586678,1,539,20,0.3549059939482626
5591,170586142,170586142,170586148,1,5,97,0.8642606008859639
5592,170586153,170586154,170586166,1,11,45,0.7853694299872026
5593,170586153,170586154,170586166,1,11,46,0.9508497122402064
5594,170586153,170586154,170586166,1,11,195,0.5625440817161903
5595,170586153,170586154,170586172,1,17,492,0.26264686717838914
5596,170586153,170586168,170586179,1,11,51,0.5319896304078376
5597,170586153,170586168,170586179,1,11,30,0.6814428180237843
5598,170586153,170586168,170586179,1,11,31,0.9485898580730662
5599,170586153,170586180,170586188,1,7,32,0.27658794337876125
5600,170586153,170586180,170586189,1,9,400,0.17682209478704103
5601,170586153,170586180,170586192,1,12,30,0.9357546588123254
5602,170586153,170586183,170586192,1,8,45,0.9995683717514183
5603,170586153,170586188,170586197,1,8,33,0.6577758764857186
5604,170586153,170586190,170586199,1,8,23,0.9540728714805901
5605,170586153,170586193,170586202,1,8,32,0.3372953698909583
5606,170586153,170586193,170586204,1,10,400,0.6592943923163355
5607,170586153,170586197,170586205,1,8,57,0.78169465230781
5608,170586153,170586200,170586207,1,7,31,0.9346155417995213
5609,170586153,170586202,170586210,1,7,44,0.4867317109494247
5610,170586153,170586204,170586212,1,7,49,0.5535852429405441
5611,170586153,170586206,170586215,1,9,400,0.8792702386131308
5612,170586153,170586208,170586216,1,7,57,0.15821468605895495
5613,170586153,170586213,170586220,1,7,79,0.8697073814631618
5614,170586153,170586213,170586220,1,7,38,0.008297199347172324
5615,170586153,170586216,170586223,1,7,33,0.3632448718700888
5616,170586153,170586217,170586226,1,8,25,0.30393305738223564
5617,170586153,170586221,170586231,1,10,416,0.8461356951322221
5618,170586153,170586221,170586230,1,8,88,0.7799453909457796
5619,170586153,170586154,170593847,1,7692,492,0.8077515829636831
5620,170586153,170586224,170586232,1,7,44,0.3530729495776619
5621,170586153,170586226,170586234,1,7,38,0.7315779066243515
5622,170586154,170586231,170586239,1,8,32,0.40777619455764946
5623,170586154,170586233,170586241,1,8,37,0.8879028381720339
5624,170586154,170586233,170586246,1,13,19,0.0848543384681012
5625,170586154,170586235,170586244,1,8,45,0.5246881894655214
5626,170586154,170586240,170586249,1,8,30,0.8828415960511026
5627,170586154,170586242,170586251,1,8,69,0.7767355853603461
5628,170586154,170586244,170586253,1,8,31,0.9140459155443053
5629,170586154,170586247,170586256,1,8,67,0.962431154358211
5630,170586154,170586250,170586260,1,10,414,0.30773188390174055
5631,170586154,170586251,170586260,1,8,18,0.3113503021117241
5632,170586154,170586255,170586263,1,8,32,0.2918436342788113
5633,170586154,170586257,170586265,1,8,31,0.23514652706015005
5634,170586154,170586267,170586275,1,8,65,0.9902950314866
5635,170586154,170586267,170586276,1,8,18,0.09163317964429996
5636,170586154,170586261,170586269,1,8,26,0.6144133564432384
5637,170586154,170586261,170586269,1,8,30,0.6276067274269393
5638,170586154,170586270,170586278,1,8,32,0.09285875870978
5639,170586154,170586270,170586279,1,9,385,0.002512577876528921
5640,170586154,170586277,170586285,1,8,37,0.1103485979485046
5641,170586154,170586277,170586286,1,8,31,0.2501640492203786
5642,170586154,170586279,170586287,1,8,37,0.5816555074735514
5643,170586154,170586280,170586288,1,8,19,0.38856836542106177
5644,170586154,170586287,170586295,1,8,78,0.41754849848251663
5645,170586154,170586287,170586295,1,8,31,0.25794489876735294
5646,170586154,170586288,170586297,1,8,26,0.19984321767132884
5647,170586154,170586289,170586298,1,8,30,0.5711129205623001
5648,170586154,170586296,170586304,1,7,30,0.670125526376782
5649,170586154,170586296,170586304,1,8,32,0.9855220636471199
5650,170586154,170586297,170586305,1,7,78,0.16143262553563986
5651,170586154,170586299,170586306,1,7,31,0.9436774032557464
5652,170586155,170586305,170586315,1,9,66,0.38175116708718027
5653,170586155,170586305,170586313,1,7,26,0.8288197731624013
5654,170586155,170586306,170586313,1,7,31,0.04414875996119072
5655,170586155,170586307,170586315,1,7,37,0.13744035213960626
5656,170586155,170586314,170586323,1,8,32,0.5767770407725322
5657,170586156,170586314,170586323,1,8,30,0.5770101941595267
5658,170586156,170586316,170586325,1,8,31,0.144024869202393
5659,170586156,170586316,170586325,1,8,27,0.8220356763779897
5660,170586156,170586324,170586332,1,8,40,0.6482043495162447
5661,170586156,170586324,170586333,1,8,40,0.034454219030714994
5662,170586156,170586326,170586334,1,7,36,0.2656900752233726
5663,170586156,170586326,170586334,1,7,32,0.39033618502106693
5664,170586156,170586334,170586342,1,8,32,0.36185180094064195
5665,170586156,170586334,170586342,1,8,27,0.967033663611739
5666,170586156,170586343,170586350,1,7,37,0.5472691713167962
5667,170586156,170586334,170586342,1,7,40,0.27420580908346537
5668,170586156,170586343,170586350,1,7,32,0.7749769127930007
5669,170586156,170586334,170586342,1,7,31,0.08980558649451331
5670,170586156,170586343,170586351,1,7,91,0.6149238389478996
5671,170586156,170586344,170586351,1,7,89,0.08176936846389249
5672,170586157,170586352,170586360,1,8,30,0.9073834537252295
5673,170586157,170586352,170586360,1,8,37,0.9943662599853613
5674,170586157,170586352,170586360,1,7,69,0.6705523098406851
5675,170586157,170586352,170586360,1,7,64,0.3536681867835173
5676,170586157,170586361,170586369,1,8,30,0.3667458416947279
5677,170586157,170586361,170586369,1,8,32,0.14623740238045002
5678,170586157,170586362,170586369,1,7,37,0.5210118590596537
5679,170586157,170586362,170586369,1,7,31,0.9249341241472097
5680,170586157,170586371,170586379,1,8,30,0.3385516156068942
5681,170586157,170586371,170586379,1,8,32,0.6986831362994405
5682,170586157,170586371,170586379,1,7,37,0.33954999583690926
5683,170586157,170586371,170586379,1,7,31,0.6128297283695221
5684,170586157,170586380,170586388,1,7,39,0.9478244998211888
5685,170586157,170586380,170586388,1,7,33,0.8298218431415244
5686,170586157,170586381,170586388,1,7,37,0.6406920432287183
5687,170586157,170586381,170586389,1,8,30,0.714366889863148
5688,170586157,170586389,170586397,1,8,26,0.30840826953067557
5689,170586157,170586389,170586397,1,8,30,0.08506059540673117
5690,170586157,170586390,170586398,1,8,32,0.5042213765564288
5691,170586157,170586390,170586398,1,8,37,0.8586104560807154
5692,170586157,170586399,170586407,1,8,26,0.8902752040047256
5693,170586157,170586399,170586407,1,8,65,0.5289514564209348
5694,170586157,170586399,170586407,1,8,61,0.16346826724672936
5695,170586157,170586399,170586407,1,8,100,0.4455386707702189
5696,170586157,170586408,170586416,1,7,30,0.3677976303214351
5697,170586157,170586408,170586419,1,11,370,0.5297324836812336
5698,170586157,170586409,170586417,1,8,31,0.6804771915710394
5699,170586157,170586409,170586418,1,8,26,0.9508187678515961
5700,170586158,170586420,170586428,1,7,30,0.014718228917716902
5701,170586158,170586420,170586428,1,7,32,0.8095242897103229
5702,170586158,170586420,170586428,1,7,31,0.858489810125518
5703,170586158,170586420,170586428,1,7,25,0.491538065141916
5704,170586158,170586434,170586442,1,8,30,0.20294603366933084
5705,170586158,170586434,170586442,1,8,30,0.038882535931100026
5706,170586158,170586434,170586442,1,8,32,0.04679102660275758
5707,170586158,170586434,170586443,1,9,370,0.3030373084016609
5708,170586158,170586444,170586452,1,8,56,0.36756247399767306
5709,170586158,170586452,170586460,1,8,370,0.4226539824725366
5710,170586158,170586453,170586461,1,7,59,0.05973412960654967
5711,170586158,170586453,170586461,1,7,57,0.4337855945842902
5712,170586158,170586454,170586461,1,7,77,0.11369815821214924
5713,170586158,170586460,170586468,1,8,32,0.4533026238007165
5714,170586158,170586462,170586470,1,8,371,0.5513034575654898
5715,170586158,170586462,170586470,1,7,26,0.5236552864615691
5716,170586158,170586462,170586470,1,7,26,0.17453437269229355
5717,170586158,170586469,170586479,1,9,30,0.23838448694164116
5718,170586158,170586471,170586480,1,9,32,0.1561085216697209
5719,170586160,170586474,170586485,1,10,371,0.6211957876737315
5720,170586160,170586474,170586483,1,9,26,0.12041474896601445
5721,170586160,170586482,170586489,1,7,85,0.08281121183856643
5722,170586160,170586482,170586492,1,10,26,0.3577704519292475
5723,170586160,170586485,170586493,1,8,73,0.19464906409837202
5724,170586160,170586485,170586494,1,8,50,0.8832332064881968
5725,170586160,170586490,170586504,1,13,48,0.30256428216930764
5726,170586160,170586492,170586500,1,8,30,0.9994343335496797
5727,170586160,170586494,170586502,1,7,26,0.5250296217918166
5728,170586160,170586495,170586503,1,8,33,0.5829431904767665
5729,170586161,170586501,170586509,1,8,27,0.5637403677983398
5730,170586161,170586503,170586510,1,7,30,0.26756484752961096
5731,170586161,170586504,170586511,1,7,26,0.8827327520294487
5732,170586161,170586505,170586512,1,7,53,0.7079506859995933
5733,170586161,170586510,170586519,1,8,26,0.3211511076998812
5734,170586161,170586512,170586520,1,8,85,0.8676752524132267
5735,170586161,170586513,170586521,1,7,26,0.493117691789844
5736,170586161,170586516,170586529,1,13,18,0.9330907778535052
5737,170586161,170586521,170586529,1,7,67,0.7571498107192611
5738,170586161,170586522,170586529,1,7,85,0.149511747276042
5739,170586161,170586523,170586530,1,7,26,0.9969976822353608
5740,170586161,170586530,170586540,1,9,27,0.9114615934307656
5741,170586161,170586530,170586538,1,8,18,0.3935456202018356
5742,170586161,170586530,170586538,1,7,26,0.40323631414274885
5743,170586161,170586531,170586539,1,7,31,0.777488541353911
5744,170586161,170586539,170586548,1,8,18,0.7290242484237911
5745,170586161,170586539,170586547,1,8,26,0.2166743948849713
5746,170586161,170586539,170586549,1,10,32,0.4071194456909186
5747,170586161,170586541,170586549,1,8,26,0.6261510593909905
5748,170586161,170586162,170586228,1,66,29,0.6483719949873368
5749,170586161,170586549,170586557,1,8,27,0.17700535259863082
5750,170586161,170586549,170586557,1,8,26,0.5996096739243434
5751,170586161,170586550,170586559,1,8,19,0.12302753110438669
5752,170586161,170586550,170586558,1,7,18,0.5441996789705129
5753,170586161,170586559,170586568,1,8,27,0.9927231625096408
5754,170586161,170586559,170586568,1,9,26,0.9709678170228757
5755,170586161,170586559,170586569,1,9,18,0.18003153866625232
5756,170586161,170586560,170586569,1,8,18,0.31899190775812514
5757,170586161,170586569,170586577,1,7,27,0.15278710047974764
5758,170586162,170586570,170586578,1,7,61,0.47209243312000726
5759,170586162,170586569,170586578,1,8,18,0.319204317925868
5760,170586162,170586579,170586587,1,8,28,0.29228324172789977
5761,170586162,170586579,170586587,1,8,18,0.1863872422409898
5762,170586162,170586569,170586578,1,8,30,0.890946405686905
5763,170586162,170586579,170586587,1,8,18,0.5475257688564775
5764,170586162,170586579,170586587,1,8,19,0.7852505510234161
5765,170586162,170586589,170586598,1,8,28,0.8831329282633796
5766,170586162,170586589,170586598,1,8,26,0.271457040661497
5767,170586162,170586589,170586597,1,8,30,0.8252671540090998
5768,170586162,170586589,170586597,1,8,19,0.07162619179795193
5769,170586162,170586598,170586607,1,8,18,0.19021570425847878
5770,170586162,170586598,170586607,1,8,18,0.9733947977080688
5771,170586162,170586599,170586607,1,7,67,0.8558580696596569
5772,170586162,170586599,170586607,1,7,19,0.47930887777702946
5773,170586162,170586609,170586617,1,8,28,0.9363607493260515
5774,170586162,170586609,170586617,1,8,18,0.08317471525046916
5775,170586162,170586609,170586617,1,8,26,0.15291884924846233
5776,170586162,170586609,170586617,1,8,18,0.012133715533408584
5777,170586162,170586618,170586627,1,8,65,0.06051030559884929
5778,170586162,170586617,170586626,1,9,72,0.6526614868563344
5779,170586162,170586618,170586627,1,9,52,0.9093426399104706
5780,170586162,170586627,170586636,1,8,18,0.4366347079434335
5781,170586162,170586627,170586636,1,9,26,0.3977587320861403
5782,170586162,170586617,170586626,1,9,92,0.9442776858071309
5783,170586162,170586628,170586636,1,8,72,0.6076605506012194
5784,170586162,170586628,170586636,1,8,65,0.8323842963471204
5785,170586163,170586163,170586227,1,64,29,0.929143787678046
5786,170586168,170586168,170586286,4,118,49,0.4344647053574274
5787,170586173,170586173,170586187,1,13,32,0.7226445938890587
5788,170586191,170586191,170586203,1,12,18,0.9106736744904526
5789,170586200,170586201,170586229,1,28,121,0.30314212861053735
5790,170586205,170586205,170586850,4,644,104,0.47330943185694263
5791,170586206,170586206,170586218,1,11,25,0.3153866707637628
5792,170586220,170588056,170590045,32,1989,92,0.693920468028164
5793,170586220,170588119,170589561,32,1442,92,0.768003308915069
5794,170586220,170588123,170590119,32,1996,80,0.25377372085301164
5795,170586220,170588941,170590375,32,1434,90,0.37704308764879235
5796,170586220,170588977,170590961,32,1983,175,0.451689929828751
5797,170586220,170589000,170590441,32,1441,91,0.4690524470069142
5798,170586220,170589097,170591093,32,1996,93,0.7546872927470921
5799,170586220,170589249,170590690,32,1441,95,0.1938167684197296
5800,170586220,170589362,170591349,32,1986,78,0.8782829498294471
5801,170586220,170589435,170590867,32,1431,99,0.2323949018929724
5802,170586220,170589550,170591540,32,1990,93,0.10091748569868075
5803,170586220,170589563,170591007,32,1443,178,0.22107816882206133
5804,170586220,170589579,170591568,32,1988,88,0.26368131519811744
5805,170586220,170589718,170591882,32,2163,110,0.6630033289589584
5806,170586220,170589763,170591743,32,1979,94,0.674408443269335
5807,170586220,170589778,170591228,32,1449,288,0.6733637100587547
5808,170586220,170589892,170591882,32,1990,100,0.5633669158966378
5809,170586220,170586221,170586538,1,316,23,0.596837222073286
5810,170586220,170590046,170591483,32,1437,176,0.2643599251413533
5811,170586220,170590121,170592102,32,1981,100,0.0927976527724601
5812,170586220,170590377,170591821,32,1444,317,0.326746024290576
5813,170586221,170590443,170592428,32,1984,92,0.5408383641070754
5814,170586221,170590691,170592133,32,1442,88,0.8037799248437141
5815,170586221,170590869,170592871,32,2002,102,0.7243604623967569
5816,170586221,170590964,170592409,32,1445,172,0.06626744891922332
5817,170586221,170591008,170593008,32,1999,90,0.480864347912345
5818,170586221,170591095,170592542,32,1446,95,0.19777736883102615
5819,170586221,170591230,170593233,32,2002,290,0.06346380860896184
5820,170586221,170591351,170592795,32,1444,78,0.6198136114771614
5821,170586221,170591485,170593473,32,1988,84,0.8209753758181424
5822,170586221,170591542,170592984,32,1442,93,0.472135810345937
5823,170586221,170591570,170593561,32,1990,88,0.6370637177287104
5824,170586221,170591744,170593726,32,1982,179,0.9781413932973909
5825,170586228,170586229,170587128,1,898,23,0.0025898191461219966
5826,170586228,170586229,170587129,1,899,27,0.2116433684257749
5827,170586251,170586251,170586254,1,2,31,0.2099353372983016
5828,170586251,170586251,170588122,4,1870,130,0.1499837324809541
5829,170586254,170586255,170586277,1,22,123,0.8121419759963048
5830,170586259,170586260,170586272,1,12,67,0.5200847612514107
5831,170586286,170586287,170587187,1,899,22,0.43533646167890283
5832,170586291,170586292,170586321,1,29,110,0.866460178400432
5833,170586299,170586299,170586316,1,16,35,0.3385468906577822
5834,170586299,170586299,170586790,1,491,143,0.6297228060915221
5835,170586299,170586299,170586791,1,491,144,0.8568388360030641
5836,170586303,170586303,170586388,1,85,394,0.26391752942165636
5837,170586313,170586313,170586367,1,54,48,0.0012943175492727832
5838,170586334,170586335,170586350,1,15,40,0.31787961874997994
5839,170586335,170586335,170587058,1,722,41,0.47781145419398774
5840,170586341,170586341,170587063,1,722,27,0.8966611689483813
5841,170586345,170586346,170586357,1,11,72,0.17288408742982642
5842,170586353,170586353,170586368,1,14,89,0.9448819064149092
5843,170586362,170586362,170586375,1,13,33,0.119892403183251
5844,170586366,170586366,170586378,1,11,31,0.4190814388184393
5845,170586367,170586369,170586489,1,120,48,0.739519030726107
5846,170586368,170586370,170586373,1,2,32,0.56777522270674
5847,170586373,170586374,170586404,1,29,132,0.9291729443608681
5848,170586383,170586383,170586396,1,12,26,0.6582261656995821
5849,170586388,170586638,170586647,1,9,27,0.3190828559364919
5850,170586388,170586638,170586647,1,9,18,0.8084815097312205
5851,170586388,170586638,170586647,1,9,30,0.3849843880744488
5852,170586388,170586638,170586647,1,9,18,0.6923670734992254
5853,170586388,170586649,170586658,1,8,27,0.07075407130761169
5854,170586388,170586649,170586658,1,8,18,0.39633293887121235
5855,170586388,170586649,170586658,1,8,19,0.06871191773096386
5856,170586388,170586649,170586658,1,8,26,0.03507892832491566
5857,170586388,170586659,170586668,1,8,18,0.35431331334958216
5858,170586388,170586659,170586668,1,8,71,0.8355846186068776
5859,170586388,170586660,170586668,1,8,56,0.9820327079939312
5860,170586388,170586660,170586668,1,8,52,0.7874721029258513
5861,170586388,170586669,170586678,1,8,18,0.5578124506691254
5862,170586388,170586669,170586678,1,8,26,0.6998831192617567
5863,170586388,170586670,170586678,1,7,71,0.4011432208814262
5864,170586388,170586670,170586678,1,8,18,0.3715361150731371
5865,170586388,170586679,170586687,1,8,94,0.7608622381393442
5866,170586388,170586679,170586687,1,7,55,0.37217778522299894
5867,170586388,170586679,170586687,1,7,30,0.3171063917329586
5868,170586388,170586679,170586686,1,7,85,0.3216009624299313
5869,170586388,170586690,170586698,1,7,94,0.4442215219446154
5870,170586389,170586690,170586698,1,8,55,0.5122833111568769
5871,170586389,170586690,170586698,1,7,85,0.23853255339625445
5872,170586389,170586690,170586700,1,10,30,0.19347423681617326
5873,170586389,170586698,170586707,1,8,26,0.03345202432791905
5874,170586389,170586698,170586707,1,8,26,0.37563731862292293
5875,170586389,170586698,170586706,1,8,18,0.7235118715173025
5876,170586389,170586700,170586708,1,7,28,0.39863588990420906
5877,170586389,170586708,170586716,1,8,18,0.15362726557877593
5878,170586389,170586708,170586716,1,8,31,0.426436563390427
5879,170586389,170586708,170586716,1,7,37,0.05155632268915378
5880,170586389,170586710,170586718,1,8,26,0.5745445834522094
5881,170586389,170586718,170586726,1,8,27,0.2970385006415729
5882,170586389,170586718,170586726,1,8,18,0.19747955697450115
5883,170586389,170586718,170586726,1,8,26,0.7008183257379543
5884,170586389,170586719,170586727,1,7,18,0.20212538949563774
5885,170586389,170586728,170586736,1,7,27,0.19052125722078683
5886,170586389,170586728,170586736,1,7,18,0.63658568201502
5887,170586389,170586727,170586736,1,8,90,0.7038741760666973
5888,170586389,170586737,170586746,1,8,49,0.20854553747489557
5889,170586389,170586737,170586745,1,7,18,0.049686785961582935
5890,170586389,170586727,170586735,1,8,31,0.3735898567322792
5891,170586389,170586737,170586745,1,7,56,0.720986899565714
5892,170586389,170586738,170586746,1,8,27,0.2929359660546861
5893,170586389,170586747,170586755,1,8,18,0.08409296351096085
5894,170586389,170586747,170586755,1,8,18,0.604102546790229
5895,170586389,170586747,170586755,1,8,31,0.41175995183965464
5896,170586389,170586747,170586755,1,8,27,0.8836111452493871
5897,170586389,170586757,170586766,1,9,27,0.7252969622364397
5898,170586389,170586757,170586766,1,9,31,0.7964513445651628
5899,170586389,170586757,170586766,1,9,18,0.40501001973155837
5900,170586390,170586757,170586766,1,9,19,0.26112952167784176
5901,170586390,170586767,170586776,1,8,26,0.9659587400394332
5902,170586390,170586767,170586776,1,8,19,0.793112156850296
5903,170586390,170586768,170586776,1,8,32,0.9595683005878752
5904,170586390,170586768,170586776,1,8,48,0.4613198110701894
5905,170586390,170586777,170586786,1,8,32,0.22237996482716316
5906,170586390,170586777,170586785,1,7,18,0.0350132996996948
5907,170586390,170586778,170586786,1,8,48,0.39667431668299835
5908,170586390,170586390,170586406,1,16,394,0.27738208549393806
5909,170586390,170586778,170586786,1,8,19,0.9494207386066248
5910,170586390,170586787,170586796,1,9,51,0.2851526873047231
5911,170586390,170586787,170586799,1,12,121,0.9744164099927736
5912,170586390,170586787,170586796,1,9,52,0.9300331830987401
5913,170586390,170586787,170586796,1,9,27,0.04061160966883126
5914,170586390,170586797,170586806,1,9,18,0.8881764306500517
5915,170586391,170586392,170586404,1,12,31,0.7729943012567245
5916,170586397,170586399,170586901,1,502,20,0.9219942594695714
5917,170586399,170586400,170586903,1,503,21,0.4207514526580419
5918,170586401,170586401,170586523,1,121,82,0.40741305013079854
5919,170586405,170586405,170586418,1,12,46,0.8867834454640492
5920,170586405,170586405,170586418,1,12,20,0.5461295225368857
5921,170586405,170586405,170586418,1,12,18,0.2857786846091298
5922,170586405,170586405,170586418,1,12,18,0.43291489832647734
5923,170586405,170586405,170586417,1,11,34,0.7502835466778103
5924,170586405,170586405,170586418,1,12,19,0.46845265553137494
5925,170586405,170586405,170586418,1,12,18,0.7353420046008539
5926,170586405,170586405,170586417,1,11,18,0.2690241384044245
5927,170586405,170586405,170586418,1,12,18,0.7729117014657184
5928,170586405,170586405,170586418,1,12,20,0.7415641367811207
5929,170586405,170586405,170586418,1,12,19,0.36374732880039384
5930,170586405,170586405,170586418,1,12,29,0.007369298562027393
5931,170586405,170586406,170586417,1,11,19,0.8831163485457971
5932,170586406,170586406,170586418,1,12,20,0.23285318221194773
5933,170586406,170586406,170586417,1,11,20,0.44609263604984195
5934,170586406,170586406,170586417,1,11,18,0.8591452757020916
5935,170586406,170586406,170586418,1,11,18,0.08084172506383924
5936,170586406,170586406,170586417,1,11,19,0.14126711186562824
5937,170586406,170586406,170586417,1,11,21,0.5510354187559203
5938,170586406,170586406,170586418,1,11,19,0.9716786170490398
5939,170586406,170586406,170586417,1,11,21,0.5073595117534594
5940,170586406,170586406,170586417,1,11,21,0.5407235262130563
5941,170586406,170586406,170586417,1,10,22,0.39235509993490114
5942,170586406,170586406,170586417,1,10,22,0.8327726643318345
5943,170586406,170586406,170586417,1,10,23,0.199219308274879
5944,170586406,170586406,170586417,1,10,19,0.8320599527833031
5945,170586406,170586406,170586418,1,11,18,0.3234411156674615
5946,170586406,170586406,170586418,1,11,19,0.9117614509839745
5947,170586406,170586406,170586418,1,11,18,0.8565376336170646
5948,170586406,170586406,170586418,1,11,18,0.9698819491471578
5949,170586406,170586406,170586417,1,10,20,0.32530251177785074
5950,170586406,170586406,170586418,1,11,20,0.17580279296797252
5951,170586406,170586406,170586417,1,10,21,0.6627964740059495
5952,170586406,170586406,170586418,1,11,25,0.5537138395194016
5953,170586406,170586407,170586418,1,11,18,0.4900217127572726
5954,170586406,170586407,170586419,1,12,18,0.6622814929685421
5955,170586406,170586407,170586419,1,12,18,0.321294311875281
5956,170586406,170586407,170586418,1,11,18,0.2822768573279879
5957,170586407,170586407,170586418,1,11,18,0.5463065833798287
5958,170586407,170586407,170586418,1,11,19,0.8990820082284555
5959,170586407,170586407,170587129,1,722,132,0.5079069485073996
5960,170586407,170586407,170586418,1,11,17,0.05228661533359691
5961,170586407,170586407,170586418,1,11,18,0.37680282321669933
5962,170586407,170586407,170586418,1,11,17,0.12083970341036321
5963,170586407,170586407,170586418,1,10,18,0.07890265753043668
5964,170586407,170586407,170586418,1,10,18,0.8515811960211296
5965,170586407,170586407,170586418,1,10,21,0.08705651017056282
5966,170586407,170586407,170586418,1,11,17,0.9519803524948842
5967,170586407,170586407,170586418,1,11,21,0.45233536751948733
5968,170586407,170586408,170586419,1,11,17,0.9476739466043305
5969,170586407,170586408,170586419,1,11,21,0.12773495139525493
5970,170586407,170586408,170586419,1,11,21,0.08834245891487291
5971,170586407,170586408,170586419,1,11,17,0.6493585932152194
5972,170586407,170586408,170586419,1,11,17,0.8672284853113508
5973,170586407,170586408,170586419,1,11,17,0.7510556794779802
5974,170586407,170586408,170586419,1,10,17,0.5745420753407123
5975,170586407,170586408,170586419,1,11,17,0.4423880925760699
5976,170586407,170586408,170586420,1,11,17,0.03778524152653817
5977,170586407,170586408,170586418,1,10,17,0.2637242469845569
5978,170586407,170586408,170586419,1,11,17,0.45709945615718284
5979,170586407,170586408,170586420,1,11,17,0.23756066016206223
5980,170586408,170586408,170586419,1,10,17,0.1056461805501806
5981,170586408,170586408,170586419,1,10,17,0.8186365059257155
5982,170586408,170586408,170586419,1,11,17,0.5419920689144575
5983,170586408,170586408,170586419,1,10,18,0.03280422289517271
5984,170586408,170586408,170586420,1,11,286,0.6186774680805898
5985,170586422,170586422,170586430,1,7,33,0.6227762827790269
5986,170586422,170586423,170586431,1,8,20,0.01603970026066648
5987,170586422,170586423,170586430,1,7,18,0.9605071975630336
5988,170586422,170586423,170586431,1,8,18,0.7535255182371663
5989,170586422,170586423,170586430,1,7,34,0.8356916784888604
5990,170586422,170586423,170586430,1,7,19,0.9032639732490723
5991,170586422,170586423,170586431,1,8,18,0.5347735988740013
5992,170586422,170586423,170586430,1,7,18,0.5952097734670917
5993,170586423,170586423,170586430,1,7,18,0.56301020743605
5994,170586423,170586423,170586431,1,8,20,0.072483030831897
5995,170586423,170586423,170586430,1,7,19,0.7850730871658108
5996,170586423,170586423,170586431,1,8,29,0.8939461697965259
5997,170586423,170586423,170586431,1,7,19,0.8958995115568671
5998,170586423,170586423,170586431,1,7,20,0.7612675316567504
5999,170586423,170586423,170586431,1,7,20,0.5788299799194232
6000,170586423,170586423,170586431,1,7,18,0.31206605395021625
6001,170586423,170586423,170586431,1,7,18,0.23299801612695437
6002,170586423,170586423,170586431,1,7,19,0.8376133993321271
6003,170586423,170586423,170586431,1,7,21,0.7383388056759481
6004,170586423,170586423,170586431,1,7,19,0.4869518695118614
6005,170586423,170586423,170586431,1,7,21,0.38904340337509324
6006,170586423,170586423,170586431,1,7,21,0.5105304456705261
6007,170586423,170586423,170586431,1,7,22,0.0764505441037221
6008,170586423,170586423,170586431,1,8,22,0.2064831244047164
6009,170586423,170586423,170586431,1,7,23,0.23794022561196515
6010,170586423,170586423,170586431,1,7,19,0.18900880461238123
6011,170586423,170586423,170586431,1,7,18,0.4586191598702648
6012,170586423,170586423,170586432,1,8,19,0.44004487198437425
6013,170586423,170586423,170586431,1,7,18,0.2102134146845943
6014,170586423,170586423,170586431,1,8,18,0.23870321662181904
6015,170586423,170586423,170586431,1,7,20,0.5047997300579189
6016,170586423,170586423,170586431,1,7,18,0.013771116418117235
6017,170586424,170586424,170586432,1,7,18,0.03880455543769701
6018,170586424,170586424,170586432,1,7,18,0.7971084335456828
6019,170586424,170586424,170586432,1,8,18,0.6608562914188779
6020,170586424,170586424,170586432,1,7,21,0.44723060422493277
6021,170586424,170586424,170586432,1,8,18,0.5437637710171827
6022,170586424,170586424,170586432,1,7,21,0.492204517628098
6023,170586424,170586424,170586432,1,8,18,0.6816061468714678
6024,170586424,170586424,170586432,1,8,21,0.747584763434675
6025,170586424,170586424,170586432,1,7,18,0.20686474340237015
6026,170586424,170586424,170586432,1,7,19,0.463630904595956
6027,170586424,170586424,170586432,1,8,21,0.36726978511305464
6028,170586424,170586425,170586433,1,8,25,0.6043057099391018
6029,170586424,170586425,170586433,1,8,18,0.8648743828200678
6030,170586424,170586425,170586433,1,8,18,0.42473676351201106
6031,170586424,170586425,170586434,1,9,18,0.5267608311323021
6032,170586424,170586425,170586432,1,7,18,0.44790190433269816
6033,170586424,170586425,170586433,1,8,18,0.08283998943970317
6034,170586424,170586425,170586433,1,8,18,0.6232716059787318
6035,170586424,170586425,170586436,1,11,20,0.9014473720970387
6036,170586424,170586425,170586432,1,7,18,0.6888244321921283
6037,170586424,170586425,170586433,1,8,18,0.9859829188912071
6038,170586424,170586425,170586432,1,7,17,0.5277084732334311
6039,170586425,170586425,170586433,1,8,18,0.7424347439916812
6040,170586425,170586425,170586433,1,8,17,0.03599239329943127
6041,170586425,170586425,170586433,1,8,17,0.8720179440563548
6042,170586425,170586425,170586433,1,8,18,0.3489597465044333
6043,170586425,170586425,170586433,1,8,18,0.41396391095108964
6044,170586425,170586425,170586433,1,8,18,0.5737168606490529
6045,170586425,170586425,170586433,1,8,17,0.9246995360666223
6046,170586425,170586425,170586433,1,8,17,0.2660299864920477
6047,170586425,170586425,170586433,1,8,18,0.7981048036024755
6048,170586425,170586425,170586433,1,8,17,0.4281454432216264
6049,170586425,170586425,170586433,1,7,19,0.5120416202509797
6050,170586433,170586434,170587072,1,638,19,0.07835364425078961
6051,170586438,170586438,170586795,1,356,34,0.9488977036652324
6052,170586443,170586444,170586538,1,93,32,0.5268579482173238
6053,170586446,170586446,170586967,1,520,21,0.1294197547808258
6054,170586448,170586448,170586811,1,362,20,0.9127029531028072
6055,170586453,170586453,170586877,1,423,20,0.5386635518739914
6056,170586456,170586456,170587032,1,575,35,0.005767837064917569
6057,170586459,170586460,170586959,1,498,36,0.3225880871837835
6058,170586464,170586464,170586475,1,10,20,0.20751784891181602
6059,170586464,170586464,170586474,1,9,19,0.14061843346132175
6060,170586464,170586464,170586472,1,7,32,0.9526108289485287
6061,170586464,170586464,170586472,1,8,18,0.15725414875560928
6062,170586464,170586464,170586472,1,7,18,0.7254551132563474
6063,170586464,170586465,170586473,1,8,18,0.984358443544268
6064,170586464,170586465,170586473,1,7,18,0.9810049743376941
6065,170586464,170586465,170586473,1,8,19,0.4158982413994511
6066,170586464,170586465,170586473,1,8,19,0.9025144902898437
6067,170586464,170586465,170586473,1,8,28,0.4689984158981122
6068,170586464,170586465,170586473,1,7,18,0.8764108828598333
6069,170586465,170586465,170586473,1,8,19,0.6258356761050137
6070,170586465,170586465,170586473,1,7,19,0.14125796946252211
6071,170586465,170586465,170586473,1,8,18,0.19148880348062458
6072,170586465,170586465,170586474,1,9,18,0.29092197517269647
6073,170586465,170586465,170586473,1,8,18,0.286422518036875
6074,170586465,170586465,170586473,1,8,18,0.1684733161601899
6075,170586465,170586465,170586473,1,8,18,0.7143276739441816
6076,170586465,170586465,170586473,1,8,20,0.8315280013276611
6077,170586465,170586465,170586473,1,8,19,0.1535479341292747
6078,170586465,170586465,170586473,1,7,19,0.19804446868484693
6079,170586465,170586465,170586473,1,8,20,0.4978251550918662
6080,170586465,170586465,170586473,1,8,20,0.22919053735848138
6081,170586465,170586465,170586473,1,8,18,0.6508842076706095
6082,170586465,170586465,170586473,1,8,18,0.41769174420398225
6083,170586465,170586465,170586473,1,7,18,0.0026896816413409796
6084,170586465,170586465,170586473,1,8,18,0.713102561252347
6085,170586465,170586466,170586475,1,9,47,0.5150503055134947
6086,170586465,170586466,170586475,1,9,49,0.3473790358958172
6087,170586465,170586466,170586476,1,9,41,0.18197402911993477
6088,170586465,170586466,170586475,1,9,45,0.5539623624129174
6089,170586465,170586466,170586476,1,9,42,0.4515550670995774
6090,170586465,170586466,170586476,1,9,40,0.46314096713448705
6091,170586465,170586466,170586476,1,9,45,0.7606023838061904
6092,170586465,170586466,170586475,1,9,51,0.6111795899008052
6093,170586465,170586466,170586475,1,9,55,0.13454548812894274
6094,170586465,170586466,170586475,1,8,18,0.5818441302783611
6095,170586465,170586466,170586475,1,8,21,0.8891917286221795
6096,170586465,170586466,170586475,1,9,51,0.6314077872454285
6097,170586466,170586466,170586476,1,9,41,0.697665805682212
6098,170586466,170586466,170586476,1,9,38,0.6351298346497987
6099,170586466,170586466,170586476,1,9,42,0.3067474443838849
6100,170586466,170586466,170586476,1,10,38,0.4686178086043451
6101,170586466,170586466,170586476,1,9,42,0.013604143958745318
6102,170586466,170586466,170586475,1,9,43,0.6246956849401651
6103,170586466,170586466,170586475,1,9,46,0.9587198264819919
6104,170586466,170586466,170586475,1,9,46,0.4708492887020611
6105,170586466,170586466,170586475,1,8,60,0.6161697390057408
6106,170586466,170586466,170586474,1,8,19,0.4302613405530934
6107,170586466,170586466,170586475,1,9,47,0.7959667396053931
6108,170586466,170586466,170586475,1,9,43,0.70793609209428
6109,170586466,170586466,170586476,1,9,36,0.3811097015051853
6110,170586466,170586466,170586476,1,9,41,0.37546157784674017
6111,170586466,170586466,170586476,1,9,38,0.17889787060083584
6112,170586466,170586466,170586476,1,9,38,0.8985033191474471
6113,170586466,170586467,170586476,1,9,65,0.7580513219196233
6114,170586466,170586467,170586476,1,9,60,0.3715328101491805
6115,170586466,170586467,170586476,1,9,35,0.3066364515758837
6116,170586466,170586467,170586476,1,9,35,0.8713322698511491
6117,170586466,170586467,170586476,1,9,63,0.5058022438599221
6118,170586466,170586467,170586476,1,9,67,0.8133513965153605
6119,170586466,170586467,170586476,1,9,40,0.09655407527583093
6120,170586466,170586467,170586477,1,10,328,0.8448557204196002
6121,170586466,170586467,170586476,1,9,53,0.1398040392238119
6122,170586467,170586467,170586477,1,10,34,0.6545310816322657
6123,170586468,170586469,170586480,1,10,18,0.07162278242581765
6124,170586468,170586469,170586479,1,10,17,0.05538349484331695
6125,170586468,170586469,170586479,1,10,16,0.6047341677824142
6126,170586468,170586469,170586479,1,10,19,0.17882589394012327
6127,170586468,170586469,170586480,1,10,19,0.20907609788998582
6128,170586468,170586469,170586480,1,10,18,0.4601430603268003
6129,170586468,170586469,170586480,1,10,18,0.18478039078650532
6130,170586469,170586469,170586479,1,10,19,0.6315827204725342
6131,170586469,170586469,170586479,1,10,21,0.818425382633223
6132,170586469,170586469,170586480,1,10,19,0.6074502699501434
6133,170586469,170586469,170586480,1,10,17,0.8770994305428362
6134,170586469,170586469,170586479,1,10,19,0.8687211682579551
6135,170586469,170586469,170586479,1,10,17,0.020473385290328605
6136,170586469,170586471,170586480,1,9,18,0.20760497527888233
6137,170586469,170586471,170586481,1,10,17,0.6065147897662506
6138,170586469,170586471,170586481,1,9,118,0.2752200485821785
6139,170586469,170586471,170586480,1,9,18,0.46132344956899984
6140,170586469,170586471,170586481,1,9,19,0.7702752784014003
6141,170586469,170586471,170586481,1,9,19,0.33305507991319994
6142,170586469,170586471,170586481,1,9,19,0.527024922582129
6143,170586469,170586471,170586480,1,9,18,0.33231933293412563
6144,170586469,170586471,170586481,1,9,19,0.29372110523068096
6145,170586469,170586471,170586481,1,9,18,0.8108592729005428
6146,170586469,170586471,170586481,1,9,19,0.7285773022094786
6147,170586469,170586471,170586480,1,9,17,0.3739216667442926
6148,170586469,170586471,170586481,1,9,18,0.8018584510437679
6149,170586469,170586471,170586481,1,9,20,0.13775762100121547
6150,170586469,170586471,170586480,1,9,24,0.063192220925674
6151,170586469,170586471,170586481,1,9,17,0.656665342398979
6152,170586469,170586471,170586481,1,9,18,0.4817627566683522
6153,170586469,170586471,170586481,1,9,18,0.06268182559353042
6154,170586469,170586471,170586481,1,9,18,0.2432807766880032
6155,170586469,170586471,170586481,1,9,18,0.9140665140531982
6156,170586469,170586471,170586481,1,9,18,0.9353269363393146
6157,170586469,170586471,170586480,1,9,19,0.5716278221199591
6158,170586469,170586471,170586480,1,9,21,0.4830481979969182
6159,170586469,170586471,170586481,1,9,19,0.8808895494011814
6160,170586470,170586474,170586484,1,9,19,0.5786814079375813
6161,170586470,170586474,170586484,1,10,20,0.6384911316886398
6162,170586470,170586474,170586483,1,9,32,0.9519795052327609
6163,170586470,170586474,170586483,1,9,18,0.668359883620275
6164,170586470,170586474,170586483,1,9,18,0.008635105658784004
6165,170586470,170586474,170586484,1,9,116,0.2825297797627423
6166,170586470,170586474,170586484,1,9,117,0.2815635021797531
6167,170586470,170586474,170586484,1,9,22,0.47745237708367494
6168,170586470,170586474,170586484,1,9,39,0.14258705641714442
6169,170586470,170586474,170586484,1,9,40,0.621714411401129
6170,170586470,170586474,170586484,1,9,19,0.573252841332652
6171,170586470,170586478,170586487,1,9,18,0.04748055109728011
6172,170586470,170586478,170586485,1,7,40,0.7852685812801211
6173,170586470,170586478,170586486,1,8,78,0.034712424794224206
6174,170586470,170586478,170586486,1,8,54,0.13632295805919292
6175,170586470,170586478,170586487,1,9,18,0.3494858312649237
6176,170586470,170586478,170586487,1,9,19,0.46089198816639954
6177,170586470,170586478,170586487,1,9,19,0.2813984464715388
6178,170586470,170586478,170586487,1,9,28,0.31616808737768487
6179,170586470,170586478,170586487,1,9,18,0.5249551811689158
6180,170586470,170586478,170586487,1,9,19,0.3956088032347138
6181,170586470,170586478,170586487,1,9,19,0.44919960270331916
6182,170586470,170586478,170586487,1,9,18,0.9581264688426608
6183,170586470,170586478,170586487,1,8,52,0.37404302010212087
6184,170586470,170586478,170586487,1,9,18,0.7463257510000744
6185,170586470,170586478,170586487,1,9,18,0.31892217770802456
6186,170586470,170586478,170586487,1,9,18,0.6538854449082614
6187,170586470,170586478,170586487,1,9,20,0.6650156610878769
6188,170586489,170586489,170586514,1,25,405,0.08696393516298784
6189,170586499,170586501,170587001,1,500,22,0.12541044025831727
6190,170586500,170586501,170587001,1,500,21,0.6024265934563136
6191,170586507,170586507,170586525,1,18,22,0.558860672003749
6192,170586514,170586515,170586782,1,267,155,0.5654819782307783
6193,170586522,170586522,170586529,1,6,17,0.49075243494194154
6194,170586541,170586541,170586553,1,12,22,0.57186994804329
6195,170586557,170586557,170586678,1,121,34,0.1679072259953921
6196,170586560,170586560,170586682,1,121,30,0.8837785964734951
6197,170586561,170586561,170595200,1,8639,35,0.04340103318829314
6198,170586561,170586561,170592270,1,5708,18,0.8924640131372242
6199,170586603,170586603,170587326,1,722,22,0.680104514421452
6200,170586604,170586604,170587311,1,707,24,0.06054819112498533
6201,170586609,170586609,170586623,2,13,23,0.6133922315104472
6202,170586617,170586617,170586623,1,5,19,0.8527604004798738
6203,170586637,170586638,170587488,1,849,21,0.9812987614006703
6204,170586643,170586643,170586869,1,226,22,0.07212842149720522
6205,170586644,170586644,170586651,1,6,18,0.016213169728123145
6206,170586686,170586686,170586691,1,4,18,0.596474548735419
6207,170586700,170586700,170586822,1,121,22,0.12040598105661626
6208,170586700,170586700,170586705,1,4,18,0.7305036727228822
6209,170586704,170586704,170586825,1,120,51,0.10594259905895032
6210,170586726,170586727,170587714,1,986,33,0.8845513957467342
6211,170586733,170586733,170586970,1,237,28,0.5515349837102762
6212,170586747,170586747,170586752,1,4,25,0.0991236390333291
6213,170586783,170586784,170595247,4,8463,25,0.42822922487295123
6214,170586783,170586784,170595247,4,8463,25,0.9644825412484784
6215,170586786,170586787,170586821,1,34,26,0.7918303932461804
6216,170586793,170586793,170588180,1,1387,142,0.42943399241046953
6217,170586793,170586793,170586808,1,14,17,0.04653721805884492
6218,170586793,170586793,170588551,1,1757,143,0.9487039703988986
6219,170586801,170586802,170586805,1,3,17,0.5588826997161694
6220,170586804,170586804,170586813,1,8,24,0.27712043348764726
6221,170586804,170586804,170587755,1,950,141,0.6312592202632155
6222,170586804,170586804,170588527,1,1722,143,0.14086033934451592
6223,170586804,170586805,170588282,1,1477,142,0.1969965727817724
6224,170586804,170586805,170587792,1,987,143,0.6398053587413142
6225,170586826,170586826,170586955,1,128,32,0.718021844899891
6226,170586828,170586828,170586944,1,116,42,0.022399291405645227
6227,170586829,170586829,170586923,1,93,33,0.21289904816029115
6228,170586829,170586829,170587714,1,884,38,0.27368801677429666
6229,170586833,170586833,170586873,1,40,20,0.9323523109737161
6230,170586845,170586846,170595309,4,8463,31,0.534383280314399
6231,170586852,170586852,170587216,1,364,145,0.7937188017111371
6232,170586856,170586856,170586886,1,30,21,0.16935032271138095
6233,170586866,170586866,170587149,1,283,28,0.7417295011182709
6234,170586871,170586871,170586992,1,121,23,0.808994319861198
6235,170586882,170586882,170587003,1,120,35,0.09999823847444744
6236,170586889,170586889,170587016,4,127,106,0.8188407589536247
6237,170586901,170586904,170587408,1,503,21,0.9517423897969345
6238,170586903,170586904,170587407,1,502,20,0.5172432894447092
6239,170586915,170586917,170587818,1,901,26,0.15712940691516453
6240,170586916,170586917,170587816,1,899,24,0.3678820338352883
6241,170586946,170586946,170587016,4,69,104,0.43953086823801624
6242,170586959,170586961,170587461,1,500,30,0.542071007816346
6243,170587001,170587001,170588482,4,1481,398,0.5432599500426621
6244,170587001,170589779,170591067,4,1287,177,0.2430486727479254
6245,170587001,170591069,170592349,4,1280,180,0.6688699915273233
6246,170587001,170592351,170593592,4,1241,179,0.8985265208179435
6247,170587001,170595648,170596890,4,1242,192,0.0770030528375436
6248,170587001,170597816,170599058,4,1242,187,0.8622801142423979
6249,170587001,170606350,170607602,4,1251,184,0.1437255545472016
6250,170587001,170587002,170587504,1,502,36,0.08559549524061427
6251,170587001,170587002,170587504,1,502,24,0.19881269676556979
6252,170587012,170587013,170587026,4,13,17,0.09564883186914286
6253,170587027,170587027,170587050,4,23,100,0.8112528875980219
6254,170587030,170587030,170587105,1,74,26,0.7597569003381129
6255,170587031,170587031,170587044,2,13,24,0.3154896040132398
6256,170587032,170587033,170587128,1,95,43,0.1939228947542495
6257,170587033,170587033,170587146,1,113,21,0.9986434669972182
6258,170587039,170587039,170587091,1,52,21,0.5892309302564009
6259,170587058,170587058,170587578,1,520,28,0.6910327565597297
6260,170587063,170587065,170587578,1,513,41,0.6209913895735204
6261,170587065,170587065,170587187,1,122,27,0.5179832874083383
6262,170587075,170587075,170587113,4,38,103,0.84694921398148
6263,170587107,170587108,170587117,2,9,20,0.5416525603859348
6264,170587128,170587129,170588029,1,900,23,0.6139496688388612
6265,170587129,170587130,170588030,1,900,43,0.5576389297123016
6266,170587137,170587137,170587175,4,37,103,0.5425986882794132
6267,170587158,170587158,170587175,2,17,33,0.09223613585692347
6268,170587179,170587180,170587272,4,92,105,0.11022950959926392
6269,170587187,170587188,170588088,1,899,27,0.6084815260341435
6270,170587192,170587192,170587305,1,112,24,0.5468695410986628
6271,170587198,170587198,170587595,1,397,39,0.9683733511859123
6272,170587199,170587199,170588002,1,803,20,0.9731835740593869
6273,170587199,170587200,170588003,1,803,22,0.8109558788943071
6274,170587199,170587200,170588002,1,802,20,0.6667119938853349
6275,170587199,170587200,170588002,1,801,22,0.2683705819187022
6276,170587199,170587200,170588002,1,801,22,0.4530468775686568
6277,170587200,170587200,170588001,1,801,24,0.27359368802565276
6278,170587200,170587200,170588004,1,804,23,0.42293684248591146
6279,170587200,170587200,170588002,1,802,20,0.6388450373077388
6280,170587200,170587200,170588004,1,804,19,0.22547301653835616
6281,170587200,170587200,170588002,1,802,20,0.8960192580690597
6282,170587200,170587200,170588003,1,803,23,0.42981042872421904
6283,170587200,170587200,170588004,1,804,23,0.40763017699634274
6284,170587200,170587200,170588004,1,804,44,0.24139843082340762
6285,170587200,170587200,170588003,1,803,19,0.21712307210350534
6286,170587200,170587200,170588002,1,802,19,0.43911087002665106
6287,170587200,170587200,170588002,1,802,19,0.8458375476177031
6288,170587200,170587200,170588003,1,802,19,0.12438397163982085
6289,170587200,170587200,170588004,1,803,19,0.5370601568916527
6290,170587200,170587200,170588003,1,803,20,0.7928538389749883
6291,170587200,170587200,170588001,1,800,20,0.397891568619423
6292,170587200,170587200,170588004,1,804,20,0.6919197965245565
6293,170587200,170587200,170588003,1,802,20,0.6565820656574823
6294,170587200,170587200,170588002,1,801,20,0.005957376076468179
6295,170587200,170587200,170588000,1,800,20,0.5495794857649942
6296,170587200,170587201,170588003,1,802,22,0.9970201730786863
6297,170587200,170587201,170588002,1,801,21,0.3982641633694636
6298,170587200,170587201,170588006,1,805,21,0.8252212524200043
6299,170587200,170587201,170588004,1,803,22,0.3180278290854467
6300,170587201,170587201,170588003,1,802,22,0.9623251979805069
6301,170587201,170587201,170588003,1,802,22,0.2863586200987627
6302,170587201,170587201,170588004,1,803,21,0.6112244229986368
6303,170587201,170587201,170588001,1,800,21,0.5620813191514454
6304,170587201,170587201,170588004,1,803,21,0.20929122782132326
6305,170587201,170587201,170588005,1,804,24,0.7064565749382418
6306,170587201,170587201,170588004,1,803,22,0.3862873197026895
6307,170587201,170587201,170588005,1,803,20,0.578291173537418
6308,170587201,170587201,170588004,1,803,22,0.4319029605916309
6309,170587201,170587201,170588006,1,804,20,0.6228741599006521
6310,170587201,170587201,170588003,1,802,21,0.6299558642170282
6311,170587201,170587201,170588002,1,800,107,0.8041345562639425
6312,170587201,170587201,170588004,1,802,22,0.46943075392649325
6313,170587201,170587201,170588003,1,801,21,0.6342021783736355
6314,170587201,170587201,170588002,1,801,22,0.7835586199220742
6315,170587201,170587201,170588003,1,801,21,0.30880438498108775
6316,170587201,170587201,170588005,1,804,22,0.6652291912108708
6317,170587201,170587201,170588006,1,805,21,0.2204850968690485
6318,170587201,170587201,170588007,1,805,22,0.6649932837562792
6319,170587201,170587201,170588005,1,803,21,0.6559176441284622
6320,170587201,170587975,170588339,16,363,31,0.86475032872527
6321,170587201,170589823,170590187,16,363,32,0.9016010974275338
6322,170587201,170590678,170591042,16,363,32,0.07508549879370785
6323,170587201,170591063,170591426,16,363,65,0.7115000546376793
6324,170587201,170591436,170591798,16,362,65,0.8042540917611958
6325,170587201,170591810,170592173,16,363,65,0.1498580912689207
6326,170587201,170592187,170592552,16,364,112,0.773192255445886
6327,170587201,170595477,170595841,16,363,45,0.5951216373078825
6328,170587201,170595844,170596207,16,363,51,0.15723982936594982
6329,170587201,170587210,170587574,4,363,27,0.2683821115911452
6330,170587201,170587577,170587940,4,362,43,0.31359020939952686
6331,170587202,170587951,170588315,4,363,43,0.4388039766608379
6332,170587202,170588902,170589266,4,363,29,0.8516052916379546
6333,170587202,170589823,170590187,4,363,31,0.20161006414071514
6334,170587202,170590197,170590559,4,362,27,0.44147008010190536
6335,170587202,170590678,170591042,4,363,35,0.5926860604586894
6336,170587202,170591051,170591414,4,363,28,0.5109771030579108
6337,170587202,170591424,170591786,4,362,29,0.8885383767014815
6338,170587202,170591798,170592161,4,363,29,0.9107925750218306
6339,170587202,170587234,170587598,8,363,46,0.8763353260058364
6340,170587202,170587601,170587964,8,362,28,0.32709724261607676
6341,170587202,170588012,170588375,8,362,113,0.27045384692301455
6342,170587202,170589836,170590199,8,363,270,0.63626043243482
6343,170587202,170590209,170590571,8,362,30,0.6671946585305046
6344,170587202,170590594,170590958,8,364,29,0.18173871466947522
6345,170587202,170590979,170591342,8,363,29,0.32253714212859985
6346,170587202,170591351,170591714,8,363,34,0.06330786198618832
6347,170587202,170591749,170592113,8,364,40,0.6406907917439466
6348,170587202,170592115,170592477,8,362,40,0.14404424134315175
6349,170587204,170587206,170587595,1,389,39,0.9477367654697711
6350,170587209,170587209,170587354,1,145,23,0.03587013561164043
6351,170587220,170587221,170588303,1,1082,30,0.4389338948556596
6352,170587226,170587226,170587588,1,362,39,0.03880307559031437
6353,170587233,170595360,170595995,1,635,78,0.28130825929424297
6354,170587233,170595360,170596842,1,1482,76,0.027597973870262416
6355,170587235,170587235,170588240,1,1004,22,0.5371874532248495
6356,170587236,170587236,170587299,1,63,31,0.8614213454604275
6357,170587239,170587239,170587644,2,404,72,0.4085600909509536
6358,170587241,170587241,170587366,1,125,37,0.10653806952462463
6359,170587269,170587270,170587301,1,30,91,0.3750072956612396
6360,170587274,170587274,170587303,4,29,118,0.026063842172337592
6361,170587304,170587304,170587430,4,126,104,0.8094943736899026
6362,170587317,170587318,170591719,1,4401,34,0.06791122073762534
6363,170587331,170587331,170592025,1,4694,33,0.29359282196898473
6364,170587332,170587332,170591901,1,4568,35,0.10039379993498909
6365,170587336,170587336,170587339,1,2,120,0.9684854774219758
6366,170587337,170587337,170587562,1,224,24,0.17992525122206493
6367,170587339,170587341,170587357,1,16,134,0.21961102528022391
6368,170587341,170587341,170587643,1,302,21,0.41955427718206273
6369,170587343,170587344,170587372,1,28,202,0.02439521882967577
6370,170587344,170587344,170587616,1,272,21,0.7121066014944235
6371,170587346,170587346,170587425,4,79,49,0.9282457732618242
6372,170587347,170587347,170588071,1,724,58,0.5692509134621109
6373,170587377,170587379,170587396,1,17,235,0.778618464253267
6374,170587402,170587403,170587406,1,2,173,0.958675826845488
6375,170587406,170587408,170587425,1,17,222,0.607932796998391
6376,170587407,170587408,170587910,1,502,36,0.16376146497661392
6377,170587408,170587409,170587911,1,502,21,0.3068370334426578
6378,170587413,170587413,170587441,1,28,134,0.6627517888753238
6379,170587426,170587426,170587536,1,109,20,0.14281209998266609
6380,170587433,170587433,170587449,4,16,109,0.6381191319134749
6381,170587448,170587448,170587455,1,7,22,0.9478498389141308
6382,170587449,170587451,170587469,1,17,24,0.19072722224833294
6383,170587450,170587451,170587464,1,13,25,0.7667586757739198
6384,170587454,170587455,170587470,1,15,30,0.7415797047430127
6385,170587461,170587461,170587961,1,499,22,0.41795835524106395
6386,170587466,170587466,170587491,4,24,98,0.8849450646638461
6387,170587467,170587468,170587729,4,261,104,0.40099790247660216
6388,170587494,170587495,170587511,1,16,113,0.639793515212446
6389,170587499,170587499,170587534,4,34,144,0.17593440488060075
6390,170587504,170587505,170588007,1,502,22,0.5166782777996276
6391,170587504,170587505,170588004,1,499,25,0.7275512576878644
6392,170587527,170587527,170587588,4,60,48,0.8672045601286047
6393,170587535,170587535,170587568,2,32,154,0.9894668369286617
6394,170587567,170587567,170587598,1,31,19,0.9363839358533346
6395,170587577,170587577,170590187,1,2609,87,0.6096002693344477
6396,170587583,170587584,170590585,1,3001,41,0.9861051889484527
6397,170587584,170587584,170587636,2,51,161,0.14559451830732795
6398,170587589,170587589,170587598,1,8,29,0.6431146409795127
6399,170587592,170587592,170587955,1,362,74,0.11919636360470909
6400,170587593,170587593,170587598,1,5,19,0.8363680664125847
6401,170587594,170587595,170587958,1,362,41,0.15735923659317141
6402,170587602,170587603,170587629,1,26,121,0.7019382169231286
6403,170587604,170587604,170589129,1,1525,19,0.780020137634165
6404,170587606,170587606,170587641,4,34,48,0.5623729966913346
6405,170587615,170587615,170587644,1,29,33,0.17312876209621286
6406,170587615,170587615,170587622,1,6,17,0.07633567237102723
6407,170587616,170587616,170587626,1,9,17,0.34102323768710496
6408,170587622,170587622,170592532,1,4909,84,0.09617916502551083
6409,170587622,170587622,170592532,1,4909,83,0.42106561226463046
6410,170587622,170587622,170592532,1,4909,84,0.04003164892063682
6411,170587622,170587622,170592533,1,4910,81,0.6495900756569254
6412,170587622,170587622,170592533,1,4910,81,0.2805062911354783
6413,170587622,170587622,170592533,1,4910,82,0.12024102780602841
6414,170587622,170587622,170592533,1,4911,94,0.9222441630965552
6415,170587636,170587636,170587657,2,20,119,0.7407967272451806
6416,170587676,170587676,170591639,1,3962,32,0.33788081750667043
6417,170587681,170587683,170591645,1,3962,22,0.23819503269030395
6418,170587686,170587686,170589118,1,1432,57,0.8865791109682447
6419,170587687,170587689,170591651,1,3962,28,0.6394279684766059
6420,170587691,170587691,170589210,1,1519,19,0.5428878649742784
6421,170587691,170587693,170591657,1,3963,30,0.6329016605886132
6422,170587694,170587695,170587933,1,237,17,0.1522638864640563
6423,170587694,170587695,170587718,2,22,94,0.16207737704624758
6424,170587696,170587696,170589219,1,1522,34,0.5863135151586326
6425,170587696,170587696,170588480,1,783,44,0.327568644599039
6426,170587696,170587696,170588482,1,785,23,0.15221892615376342
6427,170587697,170587697,170588483,1,785,19,0.7180177836625592
6428,170587697,170587698,170588483,1,785,20,0.9202191801009949
6429,170587698,170587699,170588484,1,784,19,0.4420353593944091
6430,170587698,170587699,170588483,1,784,22,0.38466605573758383
6431,170587699,170587699,170588488,1,788,22,0.3540988237715431
6432,170587699,170587700,170588485,1,784,23,0.7023501404986416
6433,170587701,170587701,170588489,1,788,22,0.5534677577912882
6434,170587701,170587702,170588489,1,786,20,0.06850090885899285
6435,170587702,170587702,170588490,1,787,43,0.6676556653433651
6436,170587702,170587702,170588489,1,787,21,0.6082518109975964
6437,170587703,170587703,170588490,1,786,36,0.8861016652480188
6438,170587703,170587703,170588486,1,783,24,0.40362779580523833
6439,170587703,170587704,170588493,1,788,23,0.2626307499897145
6440,170587704,170587704,170588492,1,788,23,0.09949206109154474
6441,170587704,170587704,170588489,1,785,23,0.9150422526568022
6442,170587705,170587705,170588491,1,786,24,0.324262564387942
6443,170587723,170587723,170588019,1,296,56,0.4402236740439416
6444,170587723,170587723,170588019,1,296,59,0.7207136109796555
6445,170587727,170587727,170588028,2,301,83,0.13886330492981291
6446,170587732,170587732,170587736,2,3,18,0.1306291548753371
6447,170587736,170587736,170587757,2,21,30,0.45023431403600966
6448,170587738,170587738,170587784,4,45,104,0.09928447251747419
6449,170587745,170587756,170596399,8,8642,52,0.8472825617781895
6450,170587771,170587771,170588059,1,287,23,0.23880447175281616
6451,170587779,170587779,170587888,1,108,120,0.3352611505726568
6452,170587784,170587784,170591959,1,4175,55,0.23246029069391339
6453,170587784,170587784,170591958,1,4173,55,0.18930015970654546
6454,170587784,170587784,170587794,4,9,17,0.7747760397258808
6455,170587788,170587788,170588087,1,299,26,0.736985901366171
6456,170587808,170587808,170587816,1,7,20,0.9628675093890232
6457,170587812,170587812,170588536,1,724,39,0.5783490653570574
6458,170587816,170587817,170588717,1,899,22,0.44059184017090414
6459,170587818,170587818,170588718,1,900,24,0.08507199060034021
6460,170587826,170587826,170587885,4,59,128,0.9636841969417874
6461,170587837,170587837,170587844,1,7,20,0.3257599915695112
6462,170587844,170587844,170587979,1,134,24,0.962756724542863
6463,170587883,170587894,170588337,4,442,129,0.4882629482564069
6464,170587905,170587905,170587969,1,64,28,0.7763166517795786
6465,170587910,170587912,170588414,1,502,36,0.21769445182943703
6466,170587911,170587912,170588416,1,504,21,0.826706067888434
6467,170587934,170587934,170588173,1,238,21,0.5481651811684078
6468,170587961,170587963,170588464,1,501,23,0.5910754525571811
6469,170587981,170587981,170587996,1,15,24,0.3210861774747529
6470,170587997,170587998,170588073,1,74,24,0.8285685071653769
6471,170588004,170588006,170588509,1,502,22,0.614283157349892
6472,170588007,170588008,170588511,1,503,24,0.28166399753457216
6473,170588021,170588021,170589111,1,1090,35,0.8325529212891182
6474,170588024,170588024,170589894,16,1869,132,0.32182125955726604
6475,170588027,170588028,170589902,16,1874,160,0.6482661122047513
6476,170588029,170588031,170588934,1,902,93,0.3930866212892439
6477,170588030,170588031,170588934,1,902,23,0.6346507354367618
6478,170588030,170588125,170589869,16,1743,157,0.5900652276534215
6479,170588031,170588031,170588048,8,16,64,0.5309545668526165
6480,170588034,170589793,170589800,16,7,89,0.9549113244890631
6481,170588038,170588039,170591861,1,3822,83,0.034811686301455036
6482,170588038,170588039,170591861,1,3822,68,0.09590877798009845
6483,170588049,170588049,170588113,1,64,36,0.47406772648341877
6484,170588065,170588065,170588850,2,785,86,0.6861072582267441
6485,170588073,170588074,170594317,1,6242,38,0.7637777696977621
6486,170588076,170588076,170588087,1,11,17,0.9874775109506031
6487,170588077,170588077,170588087,1,10,18,0.7426664791589879
6488,170588088,170588089,170588990,1,901,34,0.539094987470741
6489,170588102,170588102,170588114,1,11,64,0.8154737035537855
6490,170588129,170589802,170589809,16,7,90,0.7092682125756852
6491,170588129,170589803,170589810,16,7,86,0.8870783069211461
6492,170588129,170589811,170589818,16,7,23,0.19163887914464506
6493,170588129,170589812,170589819,16,7,87,0.6806794186596501
6494,170588129,170589812,170589819,16,7,96,0.9364381045113822
6495,170588141,170588141,170588153,1,11,57,0.632222105601582
6496,170588173,170588174,170588419,1,244,28,0.923400039294271
6497,170588178,170588178,170594396,2,6218,53,0.4753209508731152
6498,170588178,170588178,170588195,2,17,24,0.2993874116148054
6499,170588183,170588183,170596825,3,8641,168,0.36661503301434273
6500,170588183,170588798,170597440,3,8642,42,0.8396340614574986
6501,170588185,170588200,170588446,2,245,88,0.3051752533968206
6502,170588186,170588206,170588460,2,253,88,0.8895359353962454
6503,170588187,170588216,170588466,2,250,185,0.040114807757644866
6504,170588187,170588216,170588464,2,248,90,0.005012789547076624
6505,170588188,170588216,170588469,2,253,88,0.32344146564531184
6506,170588188,170588216,170588463,2,247,87,0.266914877720951
6507,170588189,170588216,170588464,2,248,88,0.24239157991593885
6508,170588190,170588216,170588461,2,245,95,0.43556119665608184
6509,170588190,170588805,170597449,3,8643,189,0.5074260420162674
6510,170588190,170588216,170588461,2,245,88,0.38800654118466915
6511,170588191,170588216,170588466,2,250,87,0.8330977756356289
6512,170588191,170588216,170588466,2,250,88,0.5592668103416568
6513,170588192,170588216,170588463,2,247,88,0.7421239811861812
6514,170588193,170588216,170588458,2,242,88,0.5132429036454971
6515,170588193,170588216,170588459,2,243,87,0.297631306719091
6516,170588194,170588216,170588475,2,259,88,0.44396956541938737
6517,170588194,170588216,170588476,2,260,88,0.7617678773919829
6518,170588195,170588216,170588468,2,252,95,0.3154317868291585
6519,170588195,170588216,170588464,2,248,94,0.3003166265643963
6520,170588196,170588271,170588517,2,245,88,0.8147560210366351
6521,170588197,170588271,170588516,2,245,88,0.22585565977540822
6522,170588197,170588491,170597134,2,8643,41,0.3707537159542942
6523,170588197,170588271,170588517,2,245,90,0.2347374204003312
6524,170588198,170588271,170588515,2,243,88,0.9507691722769508
6525,170588198,170588271,170588522,2,250,87,0.46013350956235144
6526,170588199,170588271,170588516,2,245,90,0.9806632365448256
6527,170588200,170588271,170588518,2,247,86,0.7041916185584172
6528,170588200,170588271,170588517,2,246,97,0.6520933991163269
6529,170588201,170588271,170588516,2,245,90,0.9474380008870079
6530,170588201,170588271,170588518,2,246,87,0.7474558161807243
6531,170588202,170588271,170588518,2,246,87,0.2763581824171163
6532,170588202,170588271,170588519,2,248,90,0.45263958205412047
6533,170588203,170588271,170588522,2,250,89,0.1461645879427692
6534,170588204,170588292,170588548,2,255,189,0.7863267822431191
6535,170588204,170588314,170588565,2,251,87,0.5126221648626109
6536,170588205,170588314,170588564,2,250,87,0.06299492491279002
6537,170588205,170588327,170588573,2,246,101,0.6720191453661357
6538,170588206,170588327,170588571,2,244,89,0.23077921502738763
6539,170588207,170588351,170588606,2,255,89,0.8200660333517762
6540,170588207,170588351,170588603,2,252,85,0.1535029694744947
6541,170588208,170588351,170588602,2,251,85,0.5318236457046005
6542,170588208,170588351,170588598,2,247,85,0.17173514665704226
6543,170588209,170588209,170596852,1,8643,60,0.7964994655016945
6544,170588209,170588351,170588597,2,246,85,0.825380394816463
6545,170588210,170588351,170588600,2,249,86,0.8091521391684535
6546,170588210,170588353,170588595,2,242,89,0.6716432695084684
6547,170588211,170588363,170588611,2,248,86,0.8744539298045995
6548,170588211,170588381,170588630,2,248,170,0.10117553301080362
6549,170588212,170588381,170588622,2,240,88,0.1123983829684061
6550,170588212,170588381,170588625,2,243,88,0.20373985194147548
6551,170588213,170588381,170588630,2,248,88,0.16596929392840798
6552,170588214,170588400,170588649,2,248,86,0.6661738458199965
6553,170588214,170588411,170588661,2,250,86,0.7173004927084567
6554,170588215,170588448,170588692,2,243,88,0.7645776965152691
6555,170588215,170588461,170588706,2,245,87,0.15494307956969344
6556,170588216,170588462,170588704,2,242,88,0.3695483225048779
6557,170588217,170588465,170588706,2,241,87,0.48867863728489
6558,170588217,170588465,170588713,2,247,86,0.2242536957304836
6559,170588218,170588465,170588711,2,245,95,0.8118605106457382
6560,170588218,170588465,170588708,2,242,87,0.3226826783883906
6561,170588219,170588465,170588710,2,244,87,0.5770367880944806
6562,170588220,170588465,170588715,2,250,90,0.9568260542369839
6563,170588220,170588467,170588717,2,249,87,0.8911973730824029
6564,170588220,170588242,170592545,1,4303,80,0.1432751673586572
6565,170588220,170588271,170592546,1,4274,80,0.20000399654606626
6566,170588220,170588271,170592546,1,4274,81,0.18546526169413324
6567,170588220,170588271,170592546,1,4274,80,0.875880269194018
6568,170588220,170588271,170592546,1,4274,79,0.6817758916388694
6569,170588220,170588271,170592546,1,4275,79,0.8988256944278349
6570,170588220,170588271,170592547,1,4275,81,0.05977566969486647
6571,170588221,170588467,170588712,2,245,87,0.06651529165905623
6572,170588221,170588468,170588727,2,259,185,0.08292438323316986
6573,170588222,170588468,170588713,2,245,88,0.47846462802002065
6574,170588222,170588470,170588721,2,250,95,0.23459524665349274
6575,170588223,170588470,170588721,2,250,88,0.7386776987844309
6576,170588224,170588486,170588740,2,253,88,0.8209863037717213
6577,170588224,170588486,170588736,2,249,86,0.5671344964806404
6578,170588224,170588236,170596879,1,8643,419,0.12825011543014297
6579,170588225,170588485,170588733,2,248,191,0.5605669987265135
6580,170588226,170588485,170588740,2,255,398,0.568699018213854
6581,170588226,170588488,170588738,2,250,91,0.053503337627440084
6582,170588227,170588491,170588745,2,253,90,0.03722339847645273
6583,170588227,170588491,170588743,2,251,102,0.6687006917324038
6584,170588228,170588492,170588739,2,247,109,0.3737677028372094
6585,170588228,170588494,170588742,2,247,91,0.9835308708811296
6586,170588229,170588519,170588766,2,247,88,0.04683860257763417
6587,170588230,170588519,170588768,2,249,88,0.6251743542323034
6588,170588230,170588519,170588766,2,247,90,0.09942882284789023
6589,170588231,170588519,170588764,2,244,88,0.3623287678936047
6590,170588231,170588519,170588767,2,248,90,0.09566375361594037
6591,170588232,170588519,170588767,2,247,90,0.45346992486341575
6592,170588233,170588519,170588766,2,247,97,0.5021992369760416
6593,170588233,170588519,170588765,2,245,87,0.847336594237239
6594,170588234,170588520,170588771,2,250,86,0.6086388675604261
6595,170588234,170588520,170588773,2,252,87,0.7010106957388513
6596,170588235,170588521,170588774,2,252,90,0.7093109128866961
6597,170588236,170588523,170588774,2,250,88,0.3897343722882415
6598,170588236,170588523,170588776,2,253,90,0.1914709216182301
6599,170588237,170588532,170588781,2,249,190,0.5922379310234142
6600,170588237,170588532,170588782,2,250,87,0.8483790471374357
6601,170588238,170588549,170588804,2,254,189,0.5252160672610889
6602,170588238,170588553,170588808,2,255,190,0.6403277872696655
6603,170588239,170588566,170588816,2,250,87,0.7660943167464638
6604,170588240,170588567,170588821,2,254,87,0.5268172059646582
6605,170588240,170588572,170588822,2,249,89,0.8910278353522598
6606,170588241,170588575,170588827,2,252,101,0.6141435967346706
6607,170588241,170588585,170588840,2,254,88,0.7194539266659415
6608,170588242,170588592,170588846,2,253,87,0.9926035970394326
6609,170588243,170588598,170588846,2,247,88,0.35901535793065853
6610,170588243,170588599,170588845,2,246,85,0.5917124214608006
6611,170588293,170588304,170588310,1,6,20,0.795783399080064
6612,170588294,170588304,170588310,1,5,37,0.647679949078679
6613,170588303,170588304,170588310,1,5,37,0.4248337080677387
6614,170588303,170588304,170588310,1,5,38,0.4119323987184179
6615,170588304,170588316,170590481,8,2164,41,0.3035821219950917
6616,170588328,170588341,170588361,1,20,25,0.9451706737925883
6617,170588328,170588341,170588361,1,20,25,0.5910164359679387
6618,170588330,170588341,170588358,1,16,25,0.03911344834689512
6619,170588331,170588349,170588359,1,9,31,0.9945968902081914
6620,170588345,170588351,170591911,4,3560,129,0.6629688751562167
6621,170588345,170588350,170588398,1,48,31,0.8011022790278572
6622,170588345,170588351,170588402,1,51,31,0.1936481326960534
6623,170588349,170588351,170588530,1,179,27,0.7356735674518051
6624,170588350,170588351,170588529,1,178,27,0.7591576160673108
6625,170588354,170588360,170588408,1,48,25,0.2259511223863072
6626,170588354,170588362,170588412,1,50,25,0.9483400022032642
6627,170588414,170588415,170588917,1,501,21,0.6835341991494165
6628,170588416,170588417,170588919,1,502,37,0.97989398646706
6629,170588419,170588421,170588697,1,276,36,0.194680138310659
6630,170588449,170588600,170588843,2,242,85,0.3405652028883671
6631,170588458,170588459,170588591,1,131,32,0.9402988366632761
6632,170588459,170588460,170588589,1,129,33,0.911768316982345
6633,170588461,170588601,170588854,2,253,88,0.9820287458982206
6634,170588462,170588602,170588860,2,258,86,0.501929184082801
6635,170588463,170588604,170588860,2,256,88,0.8855242291341677
6636,170588464,170588465,170588965,1,499,30,0.7474049774797736
6637,170588469,170588604,170588852,2,248,86,0.17406793180695634
6638,170588470,170588605,170588856,2,251,85,0.45774541206032393
6639,170588470,170588608,170588857,2,249,88,0.7775628139181868
6640,170588471,170588471,170588597,1,125,34,0.14143451242488037
6641,170588471,170588608,170588854,2,245,90,0.19099568250794663
6642,170588471,170588477,170588602,1,124,33,0.08160864112763
6643,170588472,170588613,170588861,2,247,112,0.5294658717900286
6644,170588472,170588614,170588863,2,249,86,0.566408580337522
6645,170588473,170588620,170588869,2,248,87,0.3650312130996808
6646,170588473,170588624,170588872,2,247,88,0.05416228462983852
6647,170588474,170588627,170588869,2,242,88,0.9308755120157063
6648,170588474,170588631,170588874,2,243,101,0.2282086176055207
6649,170588475,170588477,170588601,1,123,33,0.7624182285844799
6650,170588475,170588632,170588879,2,247,170,0.9601175382648637
6651,170588475,170588478,170588607,1,129,33,0.06426482932275923
6652,170588476,170588632,170588877,2,245,88,0.7214186781646107
6653,170588480,170588481,170588606,1,125,88,0.31751231823865866
6654,170588481,170588481,170588612,1,130,56,0.9971908095782493
6655,170588482,170588638,170588892,2,254,86,0.03617075914077106
6656,170588483,170588644,170588889,2,245,101,0.899506087944038
6657,170588509,170588510,170589011,1,501,25,0.008278398273193655
6658,170588511,170588512,170589014,1,501,22,0.03541559454894638
6659,170588520,170588651,170588895,2,243,86,0.6217503295644341
6660,170588520,170588657,170588905,2,248,88,0.03970570180896171
6661,170588521,170588663,170588910,2,247,88,0.9164667771289474
6662,170588521,170588663,170588915,2,251,86,0.5206128373658792
6663,170588522,170588668,170588917,2,248,86,0.808445032781976
6664,170588523,170588678,170588923,2,244,123,0.9311598804574227
6665,170588523,170588714,170588957,2,242,87,0.4540206880869929
6666,170588524,170588715,170588973,2,257,88,0.5854545295024857
6667,170588524,170588718,170588966,2,247,87,0.8263084069628512
6668,170588525,170588719,170588963,2,243,85,0.04086484621199293
6669,170588526,170588723,170588972,2,248,88,0.2839812066669688
6670,170588526,170588737,170588983,2,245,86,0.5043358848864848
6671,170588527,170588740,170588987,2,246,91,0.22505886941199105
6672,170588551,170588741,170588987,2,246,109,0.6261398021454878
6673,170588570,170588742,170588992,2,250,314,0.6047275239275836
6674,170588571,170588742,170588990,2,248,89,0.19706288025771757
6675,170588577,170588743,170588988,2,245,88,0.0031996619694329986
6676,170588578,170588744,170588994,2,250,91,0.6915269964015847
6677,170588584,170590667,170591893,64,1226,71,0.04528723205657492
6678,170588603,170588745,170588998,2,252,102,0.19720945327870165
6679,170588603,170588746,170588999,2,252,90,0.43664586468169375
6680,170588604,170588749,170589007,2,257,104,0.9824579374571797
6681,170588604,170588749,170589002,2,252,93,0.1915535522489329
6682,170588605,170588749,170588999,2,250,90,0.08176585819789939
6683,170588606,170588749,170589002,2,253,91,0.3549389237071028
6684,170588612,170588749,170588996,2,247,91,0.5784351540176396
6685,170588619,170588749,170588994,2,245,90,0.028787837552096462
6686,170588625,170588749,170588998,2,249,91,0.17482987624399038
6687,170588632,170588749,170589002,2,253,89,0.49305968943907197
6688,170588633,170588749,170588998,2,248,88,0.14966315135307418
6689,170588633,170588749,170588993,2,244,87,0.9944211281564724
6690,170588652,170588749,170588996,2,246,87,0.7228417964985137
6691,170588653,170588653,170588667,1,14,66,0.884027845911439
6692,170588665,170588749,170588989,2,240,87,0.40798169696483544
6693,170588676,170588676,170597320,1,8643,179,0.4776147419357204
6694,170588680,170588680,170597323,1,8642,83,0.20733598639830186
6695,170588681,170588683,170597326,1,8642,74,0.9928027554726764
6696,170588682,170588693,170597335,1,8642,96,0.7675704008217751
6697,170588685,170588694,170597338,1,8644,87,0.027464029653604394
6698,170588686,170588694,170597338,1,8644,86,0.555167502819366
6699,170588687,170588701,170597344,1,8643,66,0.2284690912381684
6700,170588689,170588706,170597350,1,8643,87,0.8290491321353577
6701,170588690,170588706,170597350,1,8643,88,0.33726768921773465
6702,170588693,170588708,170597353,1,8644,74,0.8026126191923785
6703,170588695,170588708,170597353,1,8644,74,0.2654355016353932
6704,170588695,170588749,170588996,2,247,87,0.16494018652041897
6705,170588696,170588708,170597353,1,8644,86,0.482503655562875
6706,170588697,170588708,170597353,1,8644,87,0.2493907025745722
6707,170588698,170588708,170597353,1,8644,87,0.5288836789562329
6708,170588700,170588708,170597353,1,8644,86,0.25485107288979547
6709,170588701,170588708,170597353,1,8644,76,0.8231272818895717
6710,170588702,170588709,170597353,1,8643,87,0.7044147548523729
6711,170588703,170588709,170597353,1,8643,87,0.7655901305480418
6712,170588706,170588712,170597356,1,8644,68,0.9475352493606292
6713,170588707,170588712,170597356,1,8644,68,0.831585567643962
6714,170588708,170588749,170588992,2,242,88,0.39716235340490436
6715,170588708,170588712,170597356,1,8643,66,0.18508581766403365
6716,170588709,170588749,170588996,2,247,87,0.11685376790586899
6717,170588709,170588749,170588998,2,248,87,0.15021286426862823
6718,170588710,170588714,170597356,1,8642,67,0.5181052901297798
6719,170588711,170588742,170588809,1,66,90,0.8358674697249058
6720,170588712,170588714,170597356,1,8642,68,0.12182844460692366
6721,170588713,170588714,170597356,1,8642,72,0.17774186180540708
6722,170588714,170588715,170597359,1,8643,86,0.2321194784996733
6723,170588716,170588764,170589015,2,251,89,0.5879172990856276
6724,170588716,170588768,170589009,2,241,97,0.4113354807802313
6725,170588717,170588717,170589618,1,900,25,0.05727378109354553
6726,170588717,170588768,170589015,2,247,88,0.04219240742654884
6727,170588718,170588767,170589018,2,251,89,0.09328500832566033
6728,170588718,170588718,170597362,1,8643,90,0.8670671229895743
6729,170588718,170588769,170589023,2,253,90,0.004901543092459271
6730,170588718,170588719,170589618,1,898,86,0.29415339266637863
6731,170588719,170588769,170589016,2,247,91,0.34270975062260745
6732,170588719,170588767,170589019,2,251,88,0.8566497332489694
6733,170588720,170588720,170597365,1,8644,67,0.9706341061339254
6734,170588720,170588720,170589442,1,722,40,0.02647139330241055
6735,170588720,170588769,170589013,2,244,90,0.43765833215322925
6736,170588721,170588723,170597365,1,8642,88,0.4934559138152296
6737,170588722,170588723,170597365,1,8642,109,0.24369094406140845
6738,170588724,170588729,170597371,1,8642,184,0.47010781566823445
6739,170588725,170588729,170597371,1,8642,185,0.07800013914978521
6740,170588726,170588735,170597377,1,8641,66,0.3862973580125286
6741,170588727,170588770,170589016,2,246,88,0.6032918084567279
6742,170588727,170588772,170589017,2,244,86,0.9787789002862551
6743,170588727,170588735,170597377,1,8641,82,0.09648331632260532
6744,170588734,170588775,170589018,2,242,88,0.6573125658229532
6745,170588740,170588775,170589026,2,251,86,0.24964001085332266
6746,170588741,170588775,170589018,2,242,86,0.2848238895161074
6747,170588742,170588775,170589021,2,245,90,0.3265819476246691
6748,170588742,170588776,170589026,2,249,88,0.6121623774831905
6749,170588743,170588777,170589023,2,245,88,0.144261513064446
6750,170588743,170588778,170589024,2,245,89,0.011661692396773171
6751,170588750,170588783,170589039,2,256,190,0.2910548351768978
6752,170588750,170588784,170589032,2,247,88,0.6729640180242367
6753,170588751,170588794,170589047,2,252,88,0.36958877094708653
6754,170588770,170588794,170589041,2,246,88,0.8582331136793461
6755,170588770,170588794,170589042,2,247,87,0.9256817665340756
6756,170588771,170588794,170589049,2,254,327,0.8512290159309219
6757,170588771,170588794,170589056,2,261,87,0.7720138092037272
6758,170588772,170588794,170589041,2,246,87,0.8930046735713181
6759,170588773,170588794,170589039,2,244,86,0.22287851361359023
6760,170588773,170588794,170589044,2,249,87,0.8131840083700671
6761,170588774,170588794,170589039,2,244,88,0.14382077869691146
6762,170588774,170588794,170589248,2,453,40,0.07874085718568169
6763,170588781,170588794,170589049,2,254,91,0.8176111996431056
6764,170588782,170588794,170589042,2,247,91,0.8083152022169343
6765,170588782,170588794,170589040,2,245,91,0.15762890394042983
6766,170588783,170588794,170589046,2,251,91,0.44750720015760637
6767,170588783,170588794,170589054,2,259,87,0.8957187697485104
6768,170588790,170588794,170589043,2,248,122,0.27137190832466596
6769,170588809,170588810,170589058,2,247,190,0.07909063221492707
6770,170588815,170588815,170589063,2,248,88,0.5062669869654612
6771,170588822,170588823,170589073,2,250,87,0.34037761237767417
6772,170588829,170588829,170589076,2,247,89,0.8228762042347106
6773,170588829,170588829,170589079,2,250,102,0.20117530699709152
6774,170588830,170588830,170589075,2,245,87,0.3249750597004477
6775,170588848,170588848,170589099,2,250,87,0.08613601766750056
6776,170588849,170588849,170589099,2,250,85,0.5068319484424427
6777,170588850,170588850,170589097,2,247,85,0.6472865278073149
6778,170588850,170588850,170589095,2,245,88,0.9245491456704477
6779,170588851,170588851,170589101,2,249,89,0.04882168506200002
6780,170588857,170588858,170589105,2,247,102,0.8823476964560566
6781,170588858,170588858,170589109,2,251,89,0.6490983099755785
6782,170588859,170588859,170589106,2,247,85,0.3698228180501102
6783,170588859,170588859,170589111,2,251,87,0.9861881257371556
6784,170588860,170588861,170589111,2,250,88,0.08493463115203026
6785,170588866,170588867,170589115,2,248,110,0.5497665277966645
6786,170588867,170588867,170589115,2,247,85,0.3973471391708949
6787,170588867,170588868,170589112,2,244,88,0.5939195272841404
6788,170588868,170588868,170589111,2,242,88,0.41713286153565454
6789,170588875,170588875,170589136,2,261,88,0.32257979142397386
6790,170588875,170588875,170589122,2,246,88,0.8393331639377397
6791,170588876,170588876,170589121,2,245,88,0.6192084326737605
6792,170588876,170588876,170589122,2,245,87,0.6666946021918951
6793,170588883,170588883,170589134,2,250,170,0.725924641993393
6794,170588884,170588884,170589140,2,256,88,0.9131553451997134
6795,170588896,170588896,170589147,2,250,87,0.9543729242092118
6796,170588897,170588897,170589143,2,245,101,0.5696042112664225
6797,170588898,170588898,170589150,2,252,86,0.5811846317780082
6798,170588910,170588911,170589160,2,249,88,0.6639623568001114
6799,170588917,170588918,170589162,2,244,101,0.3441281923197631
6800,170588917,170588918,170589418,1,500,23,0.2914559368354833
6801,170588917,170588918,170589166,2,248,86,0.3372640804219027
6802,170588919,170588921,170589421,1,500,86,0.945895311663374
6803,170588924,170588924,170589177,2,252,86,0.7187655979614999
6804,170588931,170588931,170589184,2,253,101,0.6375086964593218
6805,170588934,170588935,170589836,1,900,59,0.39030244559672955
6806,170588934,170588935,170589834,1,898,23,0.3057095802223091
6807,170588961,170588961,170589210,2,248,87,0.0264148981000476
6808,170588965,170588965,170589466,1,500,43,0.470464659558249
6809,170588968,170588968,170589226,2,257,87,0.7493831991524832
6810,170588969,170588969,170589224,2,254,86,0.4970215168381241
6811,170588975,170588975,170589227,2,251,88,0.5156074192721113
6812,170588976,170588976,170589227,2,251,87,0.8563358063954741
6813,170588988,170588989,170589247,2,258,86,0.4872236172050105
6814,170588990,170588991,170589891,1,900,32,0.7206024261790402
6815,170588995,170588995,170589260,2,265,314,0.4595753812979435
6816,170588996,170588997,170589247,2,249,90,0.805626945554726
6817,170588996,170588997,170589247,2,249,90,0.7726757185984745
6818,170588997,170588997,170589249,2,252,89,0.6086703409409977
6819,170588997,170588998,170589247,2,249,90,0.5920317277290346
6820,170588998,170588998,170589245,2,246,88,0.39984480906988473
6821,170588999,170589000,170589251,2,251,109,0.0854582146352505
6822,170588999,170589000,170589253,2,252,88,0.2648062575814699
6823,170589000,170589000,170589250,2,250,90,0.2556429859829382
6824,170589000,170589001,170589248,2,247,90,0.03646047947985587
6825,170589001,170589001,170589254,2,252,90,0.7735667195425016
6826,170589002,170589003,170589252,2,248,90,0.08857834905828188
6827,170589002,170589003,170589253,2,250,103,0.49463540416113283
6828,170589003,170589003,170589261,2,257,101,0.992896191123885
6829,170589003,170589003,170589253,2,249,92,0.8645652155415268
6830,170589004,170589004,170589257,2,253,89,0.3691913118965713
6831,170589004,170589005,170589254,2,249,93,0.9710407569849473
6832,170589005,170589006,170589253,2,246,91,0.8072874339539979
6833,170589006,170589006,170589258,2,251,88,0.9332150462821428
6834,170589006,170589006,170589258,2,251,89,0.5567499732031823
6835,170589007,170589007,170589259,2,251,92,0.3485563973635789
6836,170589007,170589007,170589263,2,255,88,0.5006602121475318
6837,170589008,170589008,170589260,2,251,104,0.08691488822468774
6838,170589011,170589012,170589514,1,501,22,0.8974990186863795
6839,170589014,170589015,170589518,1,502,23,0.8565026145318015
6840,170589015,170589015,170589264,2,249,97,0.971921992260865
6841,170589015,170589015,170589265,2,249,90,0.16038737427974292
6842,170589016,170589016,170589268,2,251,89,0.6382150711972114
6843,170589022,170589022,170589273,2,250,86,0.33862395921046895
6844,170589023,170589023,170589270,2,247,88,0.7832155499411376
6845,170589024,170589024,170589278,2,254,88,0.5324779344110645
6846,170589024,170589024,170589279,2,254,86,0.050843762005428284
6847,170589025,170589025,170589274,2,249,90,0.6356697380490045
6848,170589025,170589025,170589284,2,258,88,0.4976423357083458
6849,170589026,170589027,170589275,2,248,90,0.8712640480671294
6850,170589027,170589027,170589275,2,248,88,0.009256084931239084
6851,170589027,170589027,170589277,2,249,88,0.5013153539976275
6852,170589028,170589028,170589277,2,249,87,0.8726756193024024
6853,170589028,170589028,170589273,2,245,86,0.9580754850723526
6854,170589029,170589029,170589273,2,244,88,0.7919810818140475
6855,170589029,170589030,170589280,2,250,90,0.9185854568790106
6856,170589030,170589030,170589279,2,249,90,0.2385744996265764
6857,170589031,170589031,170589283,2,252,89,0.7308752066063345
6858,170589037,170589037,170589293,2,255,87,0.7551749184491166
6859,170589044,170589044,170589302,2,257,88,0.7714474548634133
6860,170589044,170589045,170589292,2,247,87,0.6515960033147032
6861,170589045,170589045,170589292,2,246,87,0.4848900660396548
6862,170589046,170589046,170589292,2,246,86,0.5269816348126171
6863,170589046,170589047,170589296,2,248,87,0.6286099109684582
6864,170589047,170589047,170589295,2,247,88,0.8533863682217564
6865,170589047,170589047,170589294,2,246,91,0.15348839693587557
6866,170589048,170589049,170589300,2,250,88,0.6955533498508443
6867,170589049,170589049,170589294,2,244,91,0.20384290282188355
6868,170589049,170589049,170589294,2,244,91,0.3096361615086337
6869,170589050,170589050,170589298,2,248,122,0.15311381394333967
6870,170589050,170589050,170589299,2,248,190,0.32821484560399816
6871,170589057,170589057,170589310,2,253,327,0.13977147144116897
6872,170589057,170589058,170589305,2,247,91,0.041636953572274704
6873,170589058,170589058,170589310,2,251,87,0.08565454007865492
6874,170589059,170589059,170589306,2,247,87,0.9395376714184056
6875,170589065,170589065,170589310,2,245,189,0.7198529477782154
6876,170589066,170589066,170589328,2,261,88,0.06762151786036885
6877,170589079,170589079,170589325,2,246,89,0.3688986998818642
6878,170589079,170589079,170589333,2,254,87,0.9899743882922766
6879,170589080,170589080,170589327,2,247,87,0.8123330018677983
6880,170589086,170589086,170589341,2,254,101,0.6970914130231528
6881,170589099,170589099,170589348,2,248,85,0.3560738052034169
6882,170589100,170589100,170589356,2,256,87,0.19256598663896496
6883,170589106,170589106,170589357,2,250,88,0.3296608613595069
6884,170589107,170589107,170589354,2,247,85,0.8746147980207859
6885,170589107,170589107,170589358,2,250,102,0.8242399592996696
6886,170589108,170589108,170589361,2,253,85,0.20978224291948055
6887,170589108,170589109,170589363,2,254,86,0.7852738089051958
6888,170589115,170589116,170589368,2,251,87,0.24849290154242643
6889,170589116,170589116,170589366,2,250,89,0.17311678011409193
6890,170589116,170589116,170589363,2,247,85,0.21349736259811902
6891,170589117,170589117,170589366,2,248,111,0.7267594712174842
6892,170589117,170589119,170589371,2,251,87,0.9921916287262613
6893,170589118,170589119,170589366,2,246,88,0.8292495613003282
6894,170589119,170589119,170589365,2,246,89,0.22094152666536837
6895,170589125,170589125,170589376,2,250,88,0.16607185571104965
6896,170589126,170589126,170589374,2,248,88,0.49198270820217904
6897,170589126,170589126,170589374,2,247,88,0.3365705388933081
6898,170589139,170589139,170589385,2,245,88,0.8103893766274894
6899,170589140,170589140,170589386,2,246,170,0.041530526421947656
6900,170589146,170589146,170589399,2,252,101,0.4510210323087934
6901,170589147,170589147,170589397,2,250,88,0.674215830881711
6902,170589153,170589154,170589402,2,248,86,0.7724918530395217
6903,170589154,170589154,170589404,2,249,91,0.25570546811954986
6904,170589167,170589167,170589417,2,250,88,0.46522919995794376
6905,170589167,170589167,170589418,2,250,101,0.4335143846950471
6906,170589174,170589174,170589424,2,250,86,0.27344984185517807
6907,170589181,170589181,170589430,2,249,86,0.3686014003705641
6908,170589187,170589187,170589432,2,244,101,0.8721102162702129
6909,170589218,170589218,170589479,2,261,88,0.7156796200016711
6910,170589231,170589231,170589477,2,246,100,0.4005491585552169
6911,170589231,170589231,170589482,2,250,87,0.32790945648710346
6912,170589232,170589232,170589484,2,251,87,0.6074941668891412
6913,170589232,170589232,170589478,2,245,88,0.5930378618141801
6914,170589251,170589252,170589510,2,257,88,0.8788302041369246
6915,170589252,170589252,170589504,2,251,87,0.9892545157111716
6916,170589252,170589252,170589505,2,252,86,0.4233923122973735
6917,170589253,170589254,170589509,2,255,88,0.9530594481657854
6918,170589253,170589254,170589508,2,253,90,0.3547904863017314
6919,170589254,170589254,170589499,2,245,90,0.3047257439976827
6920,170589255,170589255,170589516,2,260,92,0.23329723075663933
6921,170589255,170589255,170589508,2,253,103,0.8701356618819943
6922,170589256,170589256,170589506,2,250,90,0.7309959319935405
6923,170589256,170589256,170589710,2,453,40,0.9847916328398794
6924,170589257,170589257,170589505,2,247,92,0.19540103712736967
6925,170589257,170589257,170589501,2,243,90,0.0544756394655278
6926,170589258,170589258,170589502,2,244,90,0.693014284121345
6927,170589259,170589259,170589506,2,246,89,0.9798701670444203
6928,170589259,170589259,170589510,2,250,88,0.7221533506191657
6929,170589260,170589260,170589509,2,249,89,0.0376971860359574
6930,170589260,170589261,170589513,2,251,92,0.857621727458243
6931,170589261,170589261,170589508,2,246,104,0.7935137048483315
6932,170589262,170589262,170589515,2,253,86,0.8773510500306142
6933,170589262,170589262,170589512,2,249,314,0.3221884761231497
6934,170589263,170589263,170589511,2,247,101,0.2516318616781882
6935,170589263,170589263,170589517,2,253,101,0.37850650058216206
6936,170589264,170589264,170589513,2,248,88,0.06697639831908131
6937,170589264,170589266,170589511,2,245,98,0.33196599425970064
6938,170589265,170589267,170589512,2,245,90,0.37077203849707696
6939,170589272,170589272,170589519,2,247,89,0.13047854102461343
6940,170589272,170589272,170589518,2,245,88,0.017964400942782066
6941,170589273,170589275,170589523,2,248,86,0.2824336699247877
6942,170589273,170589275,170589532,2,257,86,0.47689601519943725
6943,170589280,170589281,170589527,2,246,86,0.4751121740980444
6944,170589281,170589281,170589530,2,249,88,0.9812916145183632
6945,170589281,170589281,170589536,2,254,88,0.405774841259978
6946,170589282,170589282,170589528,2,245,88,0.5427788838396153
6947,170589282,170589283,170589534,2,251,90,0.5108145996433321
6948,170589283,170589283,170589535,2,251,90,0.20773183222060942
6949,170589284,170589284,170589538,2,253,88,0.01254401381980852
6950,170589284,170589285,170589530,2,245,87,0.9576149302935244
6951,170589285,170589285,170589533,2,247,88,0.05070370069313612
6952,170589285,170589285,170589537,2,251,90,0.13165837955807136
6953,170589286,170589286,170589535,2,248,88,0.01843746506390309
6954,170589287,170589287,170589536,2,249,90,0.8072813150765255
6955,170589287,170589287,170589538,2,251,89,0.43356827443229984
6956,170589288,170589288,170589539,2,251,86,0.27224400617790534
6957,170589294,170589295,170589546,2,250,87,0.8558470905646467
6958,170589295,170589295,170589542,2,247,87,0.4917718689925662
6959,170589296,170589296,170589541,2,244,91,0.12916606193634306
6960,170589296,170589297,170589548,2,250,91,0.48847306095476284
6961,170589297,170589297,170589548,2,251,91,0.20792961826573442
6962,170589297,170589298,170589544,2,246,88,0.13748559591405984
6963,170589298,170589298,170589547,2,248,87,0.44044205669481395
6964,170589299,170589299,170589546,2,247,86,0.29248892519669956
6965,170589299,170589299,170589551,2,251,88,0.40269251406351747
6966,170589306,170589306,170589558,2,252,123,0.5191486170462797
6967,170589306,170589307,170589558,2,250,91,0.48982462728163545
6968,170589307,170589307,170589554,2,246,89,0.16490194798779145
6969,170589307,170589308,170589557,2,249,88,0.5636290445673939
6970,170589308,170589309,170589562,2,253,87,0.9854409114052511
6971,170589309,170589309,170589561,2,252,190,0.6116820590375768
6972,170589315,170589315,170589563,2,247,87,0.5476479825050351
6973,170589316,170589316,170589570,2,254,327,0.3356979976093606
6974,170589316,170589317,170589565,2,248,189,0.9900558256591988
6975,170589329,170589329,170589580,2,250,89,0.4314259610242923
6976,170589330,170589330,170589576,2,246,87,0.16060541265459294
6977,170589330,170589330,170589578,2,247,87,0.1100681504123705
6978,170589337,170589337,170589593,2,256,87,0.641378671511515
6979,170589343,170589343,170589594,2,250,101,0.11252923122308567
6980,170589350,170589350,170589599,2,248,85,0.9767785746030728
6981,170589357,170589358,170589607,2,248,87,0.4735835957201894
6982,170589363,170589364,170589614,2,249,90,0.5634610874246155
6983,170589364,170589364,170589611,2,247,102,0.7360608351933108
6984,170589365,170589365,170589611,2,246,85,0.7903161220196194
6985,170589365,170589365,170589611,2,245,86,0.3265075352745447
6986,170589366,170589367,170589614,2,246,85,0.4225152833662118
6987,170589366,170589367,170589614,2,246,86,0.751065595471818
6988,170589373,170589373,170589620,2,247,87,0.9468106995624371
6989,170589373,170589374,170589622,2,248,111,0.24429958076312652
6990,170589374,170589374,170589619,2,245,89,0.8934841825865777
6991,170589375,170589375,170589622,2,247,87,0.09040045457703227
6992,170589375,170589376,170589622,2,246,88,0.8744709118340913
6993,170589376,170589376,170589630,2,253,88,0.4937205992293987
6994,170589376,170589377,170589624,2,247,88,0.17633062417188827
6995,170589377,170589377,170589630,2,252,88,0.06835855389191925
6996,170589384,170589384,170589636,2,252,88,0.11348584330559675
6997,170589390,170589390,170589637,2,246,88,0.23230277837212998
6998,170589391,170589391,170589640,2,249,170,0.19353404298700672
6999,170589403,170589403,170589653,2,249,86,0.6941000711923082
7000,170589404,170589405,170589652,2,247,102,0.7864484649947192
7001,170589405,170589405,170589656,2,251,88,0.9439157057047565
7002,170589411,170589411,170589665,2,253,91,0.5425210196188442
7003,170589418,170589419,170589919,1,500,88,0.1606288520667688
7004,170589421,170589421,170589923,1,502,23,0.43290239077283765
7005,170589424,170589424,170589671,2,246,101,0.39914549327183235
7006,170589424,170589425,170589673,2,247,86,0.5971671710937071
7007,170589431,170589431,170589687,2,255,86,0.21283961236376692
7008,170589438,170589438,170589696,2,258,101,0.0886751212950394
7009,170589438,170589479,170589722,2,243,100,0.41894176802574823
7010,170589466,170589467,170589969,1,502,22,0.1006755268696623
7011,170589481,170589481,170589739,2,257,88,0.9715664665432397
7012,170589482,170589482,170589730,2,248,87,0.07993400900300496
7013,170589482,170589484,170589728,2,243,87,0.4127785987603716
7014,170589489,170589489,170589735,2,246,87,0.0836492398256603
7015,170589489,170589502,170589747,2,244,90,0.9839760503314922
7016,170589502,170589507,170589750,2,243,86,0.7841229900593933
7017,170589509,170589509,170589759,2,250,90,0.7055701068882656
7018,170589509,170589511,170589760,2,249,103,0.4107731403774424
7019,170589510,170589511,170589756,2,245,89,0.5349645193696646
7020,170589511,170589511,170589756,2,245,87,0.6655628126952059
7021,170589511,170589512,170589762,2,249,88,0.9192712043095238
7022,170589512,170589512,170589758,2,245,87,0.6027674804266596
7023,170589512,170589512,170589760,2,247,88,0.47221962752896196
7024,170589513,170589514,170589770,2,256,314,0.2561578771077275
7025,170589513,170589514,170589760,2,246,98,0.5785166245160785
7026,170589514,170589514,170590017,1,502,43,0.7454706996152523
7027,170589514,170589514,170589760,2,245,90,0.8156324306965623
7028,170589515,170589515,170589767,2,252,101,0.43445529840517205
7029,170589515,170589516,170589764,2,247,89,0.7475328152000044
7030,170589516,170589516,170589762,2,245,91,0.16806617067233243
7031,170589516,170589517,170589767,2,250,88,0.9795725729035064
7032,170589517,170589517,170589762,2,244,104,0.18662844298371395
7033,170589518,170589518,170589768,2,250,92,0.9379711881212811
7034,170589518,170589519,170590020,1,501,22,0.9829248202510258
7035,170589518,170589519,170589764,2,244,91,0.37749231622879054
7036,170589519,170589519,170589766,2,247,90,0.7520038058074413
7037,170589519,170589519,170589768,2,248,90,0.3288775334086842
7038,170589520,170589520,170589771,2,250,88,0.5797138603083616
7039,170589520,170589521,170589771,2,250,90,0.17311844516575814
7040,170589521,170589521,170589768,2,247,89,0.9971856971817861
7041,170589522,170589522,170589768,2,245,86,0.3034089691174784
7042,170589522,170589523,170589773,2,250,101,0.21933834993425083
7043,170589523,170589525,170589778,2,253,86,0.23582247938305756
7044,170589529,170589529,170589777,2,247,88,0.4098413658678337
7045,170589530,170589531,170589777,2,245,86,0.6472659007249715
7046,170589531,170589531,170589780,2,248,86,0.9272545131160657
7047,170589537,170589537,170589789,2,251,86,0.5537792342192888
7048,170589538,170589538,170589791,2,252,88,0.0006901839937749621
7049,170589538,170589539,170589784,2,244,88,0.22669100446032664
7050,170589539,170589539,170589791,2,251,90,0.0011538926054249776
7051,170589540,170589540,170589791,2,250,88,0.8052453701217487
7052,170589540,170589540,170589792,2,252,90,0.17787230152618483
7053,170589541,170589541,170589792,2,251,88,0.2961132327026904
7054,170589541,170589542,170589789,2,247,88,0.307249440697833
7055,170589542,170589542,170589791,2,249,90,0.9009086367072975
7056,170589542,170589543,170589797,2,253,92,0.4861578987108256
7057,170589543,170589543,170589795,2,251,90,0.10026721466381361
7058,170589544,170589544,170589800,2,256,89,0.3212298321468334
7059,170589544,170589545,170589798,2,253,87,0.5912994954220891
7060,170589545,170589545,170589800,2,255,86,0.49637518186568297
7061,170589546,170589546,170589797,2,251,89,0.6614259180810047
7062,170589546,170589547,170589794,2,246,87,0.500242823424508
7063,170589553,170589553,170589802,2,248,91,0.6668558671702002
7064,170589553,170589553,170589803,2,250,91,0.8143996322168302
7065,170589554,170589554,170589808,2,253,87,0.3671667008477608
7066,170589554,170589554,170589806,2,251,87,0.4285038099598878
7067,170589555,170589555,170589804,2,248,87,0.9440238894541846
7068,170589556,170589556,170589802,2,246,88,0.20560991512404525
7069,170589556,170589559,170589810,2,251,88,0.841066427916559
7070,170589563,170589563,170589810,2,246,96,0.5045476132086786
7071,170589563,170589563,170589812,2,248,91,0.09823415836264782
7072,170589564,170589564,170589813,2,248,88,0.12996914299309548
7073,170589565,170589565,170589813,2,248,88,0.6742733367239861
7074,170589565,170589566,170589822,2,256,87,0.507755228444351
7075,170589566,170589567,170589815,2,248,189,0.6948692926425666
7076,170589572,170589573,170589832,2,258,327,0.45313242556232936
7077,170589573,170589574,170589830,2,256,87,0.13454053430934243
7078,170589580,170589580,170589832,2,252,87,0.16193539949027447
7079,170589580,170589581,170589832,2,251,89,0.5850360167208459
7080,170589587,170589595,170589846,2,250,87,0.6254998134929544
7081,170589599,170589600,170589854,2,254,101,0.8707078970459708
7082,170589600,170589601,170589852,2,251,85,0.7819694724667108
7083,170589607,170589608,170589864,2,255,87,0.9682551469333709
7084,170589613,170589614,170589864,2,249,102,0.9503625229573939
7085,170589614,170589614,170589862,2,247,85,0.8267347354863597
7086,170589615,170589615,170589863,2,248,85,0.20180574445081367
7087,170589615,170589616,170589863,2,247,90,0.29716718820622423
7088,170589616,170589616,170589866,2,250,85,0.7357678517784695
7089,170589617,170589617,170589869,2,252,86,0.5444117502376802
7090,170589617,170589621,170589874,2,253,89,0.31937565339634677
7091,170589618,170589621,170590521,1,899,24,0.568492103363601
7092,170589618,170589621,170590521,1,899,25,0.32185316859257573
7093,170589624,170589625,170589872,2,246,87,0.9725805485024346
7094,170589625,170589625,170589880,2,254,111,0.4149572686274682
7095,170589625,170589625,170589876,2,250,88,0.5248439463861538
7096,170589834,170589835,170590736,1,901,24,0.34384520950254704
7097,170589836,170589836,170590736,1,900,24,0.47000625124313544
7098,170589883,170589884,170595690,4,5806,41,0.5257696187996437
7099,170589891,170589892,170590791,1,899,27,0.4745885854048927
7100,170589919,170589920,170590420,1,500,23,0.48361419429871166
7101,170589923,170589924,170590428,1,503,26,0.88195268220189
7102,170589969,170589971,170590471,1,500,57,0.1521468878585851
7103,170589969,170589971,170595690,4,5719,47,0.8313037242063315
7104,170589982,170589983,170595689,4,5706,47,0.9570555481154286
7105,170590017,170590017,170590518,1,500,21,0.19530197760630008
7106,170590020,170590022,170590523,1,500,43,0.6547724288768894
7107,170590420,170590422,170590923,1,500,22,0.4044962270812833
7108,170590428,170590429,170590935,1,505,26,0.9342252567121051
7109,170590432,170590432,170590506,1,73,20,0.5926004237135994
7110,170590449,170596232,170596594,16,362,34,0.26511227798902026
7111,170590449,170596971,170597335,16,364,59,0.8793038189776013
7112,170590449,170597620,170597983,16,363,43,0.8302436514227854
7113,170590449,170592163,170592528,4,364,45,0.683414523528227
7114,170590449,170593077,170593440,4,362,29,0.18196465124079952
7115,170590449,170593457,170593821,4,364,43,0.020873410472647347
7116,170590449,170594750,170595114,4,364,42,0.812913567217801
7117,170590449,170595133,170595496,4,363,44,0.00865320497552613
7118,170590449,170595710,170596072,4,362,34,0.10836171555951557
7119,170590449,170593469,170593833,8,364,35,0.6815064864400014
7120,170590449,170594836,170595199,8,362,49,0.915272379758174
7121,170590450,170595710,170596072,8,362,51,0.914757075399266
7122,170590450,170596232,170596594,8,362,269,0.06777131850868467
7123,170590450,170596596,170596960,8,364,39,0.18648328380146673
7124,170590471,170590472,170590974,1,501,57,0.8750877033201028
7125,170590511,170590511,170590536,1,24,18,0.057719086107345885
7126,170590518,170590520,170591022,1,502,21,0.5843199871834007
7127,170590521,170590522,170591423,1,900,24,0.6012127129431326
7128,170590521,170590522,170591423,1,900,25,0.6145321000911687
7129,170590523,170590524,170591025,1,500,43,0.7988276357572265
7130,170590539,170590539,170591259,1,719,22,0.8149540566975222
7131,170590579,170590583,170590889,1,306,20,0.5626793494107898
7132,170590591,170590591,170591313,1,722,33,0.9739016192128584
7133,170590592,170590592,170591340,1,748,27,0.5209614249994231
7134,170590596,170590596,170591487,1,891,27,0.9619357974339653
7135,170590597,170590597,170591590,1,993,26,0.5222896427134364
7136,170590656,170612214,170613478,128,1264,370,0.15156345058409793
7137,170590708,170590708,170591252,1,543,18,0.615649856638777
7138,170590736,170590738,170591638,1,899,23,0.8181462839476867
7139,170590736,170590738,170591642,1,904,22,0.8433775612513821
7140,170590791,170590792,170591692,1,899,23,0.20747299553438836
7141,170590862,170590862,170591045,1,183,20,0.2413199723974344
7142,170590881,170590881,170592295,1,1413,44,0.9823983417710067
7143,170590882,170590882,170592885,1,2003,45,0.22228732807772478
7144,170590883,170590883,170592734,1,1851,52,0.7220397171191051
7145,170590883,170590883,170593354,1,2470,67,0.07433906791472844
7146,170590884,170590884,170592964,1,2079,73,0.7205887011886205
7147,170590885,170590885,170593678,1,2793,55,0.08476884137810581
7148,170590886,170590886,170592733,1,1847,52,0.7297626886655365
7149,170590887,170590887,170593351,1,2463,53,0.4411256482580038
7150,170590923,170590924,170591425,1,501,22,0.8187936097708478
7151,170590932,170590932,170591654,1,721,30,0.03675655430542257
7152,170590935,170590936,170591441,1,504,26,0.806875692954296
7153,170590974,170590975,170591476,1,500,21,0.9578773105708213
7154,170591022,170591024,170591524,1,500,125,0.6581848653962766
7155,170591025,170591026,170591526,1,500,24,0.1921712051575668
7156,170591066,170591066,170591080,1,14,39,0.9187304272324515
7157,170591072,170591073,170591077,1,4,17,0.8348181012863862
7158,170591100,170591100,170591115,1,14,19,0.16037430080217396
7159,170591114,170591114,170591120,1,6,17,0.07018570028121707
7160,170591157,170591157,170596240,2,5082,70,0.30307346381582356
7161,170591157,170591157,170599199,2,8041,39,0.5371979592400711
7162,170591232,170591232,170594112,1,2879,21,0.812660374978911
7163,170591265,170591265,170591288,1,23,33,0.241720723678292
7164,170591302,170591302,170591846,1,543,20,0.861907483655127
7165,170591319,170591319,170591402,1,82,51,0.1853334435439622
7166,170591337,170591337,170592852,1,1514,25,0.004418990452108806
7167,170591340,170591343,170591670,1,327,21,0.23197248357958078
7168,170591360,170591360,170591387,1,26,23,0.7886626980380379
7169,170591369,170591369,170594924,1,3554,26,0.7138418431606386
7170,170591394,170591394,170591721,1,326,19,0.03434321179583533
7171,170591396,170591397,170591759,1,362,29,0.9081498880981634
7172,170591396,170591397,170591759,1,362,28,0.9187159944319212
7173,170591414,170591416,170591504,1,88,19,0.42990856738933403
7174,170591423,170591425,170592331,1,906,25,0.46724698451117386
7175,170591423,170591425,170592331,1,906,24,0.30863447530662524
7176,170591423,170591425,170591452,1,27,110,0.15948259393481679
7177,170591425,170591426,170591932,1,505,22,0.6809433837714328
7178,170591434,170591434,170591522,1,87,19,0.6670150844188792
7179,170591441,170591442,170591945,1,503,22,0.7827384837532957
7180,170591446,170591446,170591490,1,43,36,0.6015045106609579
7181,170591476,170591477,170591979,1,502,22,0.3311603204306304
7182,170591512,170591520,170592119,1,598,18,0.5613783080355075
7183,170591512,170591520,170592119,1,598,21,0.15525448047714563
7184,170591524,170591526,170592031,1,504,125,0.46920938680532775
7185,170591526,170591526,170592032,1,505,21,0.3123928110920212
7186,170591526,170591526,170591550,1,24,106,0.6885345164624916
7187,170591527,170591527,170591701,1,174,325,0.37092056667554396
7188,170591539,170591539,170591826,1,286,17,0.550737339483022
7189,170591546,170591546,170591571,1,25,24,0.36605041557171303
7190,170591559,170591559,170591588,1,28,192,0.5169999647160711
7191,170591584,170591584,170591601,1,17,25,0.5471498861530372
7192,170591602,170591603,170591607,16,3,120,0.9115968790812906
7193,170591603,170591603,170591620,1,16,25,0.7780719364165608
7194,170591608,170591608,170591630,1,21,79,0.9677406687517456
7195,170591609,170591609,170591625,1,15,19,0.19592532499080495
7196,170591617,170591621,170591632,1,10,24,0.8630195507008277
7197,170591620,170591632,170591654,1,21,79,0.5369579686236614
7198,170591623,170591624,170591705,1,81,21,0.6210944351554617
7199,170591628,170591634,170591644,1,10,52,0.40494179164023114
7200,170591638,170591640,170592542,1,902,24,0.7349445745206035
7201,170591642,170591643,170592550,1,906,32,0.723346046486714
7202,170591648,170591650,170592375,1,724,217,0.09555319318123967
7203,170591680,170591885,170593326,32,1441,314,0.1299587333824912
7204,170591681,170591822,170593815,32,1993,93,0.17651183666218417
7205,170591681,170591891,170593323,32,1432,96,0.021764561742268262
7206,170591681,170592103,170594091,32,1988,100,0.7879216437053757
7207,170591681,170592135,170593576,32,1441,99,0.6878005272863401
7208,170591681,170592412,170594409,32,1997,174,0.10656565176134813
7209,170591681,170592429,170593875,32,1446,110,0.8706401370031936
7210,170591681,170593010,170595007,32,1997,91,0.26830422363108886
7211,170591681,170593036,170594476,32,1440,92,0.795366301407895
7212,170591681,170593128,170595120,32,1991,100,0.3860720616809862
7213,170591681,170593129,170594572,32,1443,112,0.2963974381225939
7214,170591681,170593221,170595218,32,1997,107,0.9477139731939995
7215,170591681,170593235,170594680,32,1444,277,0.9449336664399768
7216,170591681,170593325,170595299,32,1974,97,0.27085305095959944
7217,170591681,170593328,170594773,32,1445,314,0.8683484972721134
7218,170591681,170593475,170595464,32,1988,86,0.5033429350321449
7219,170591681,170593578,170595022,32,1443,99,0.8313271234063111
7220,170591681,170593757,170595737,32,1979,179,0.869074329063263
7221,170591681,170594781,170596218,32,1436,315,0.9450437627138533
7222,170591681,170595133,170597118,32,1985,102,0.21532489071876515
7223,170591681,170595231,170596668,32,1437,158,0.21879890218931408
7224,170591681,170595302,170597296,32,1994,468,0.42653732798031563
7225,170591681,170595413,170596850,32,1437,101,0.6222786193380245
7226,170591681,170595441,170597605,32,2164,48,0.14102739879265858
7227,170591681,170595453,170596888,32,1434,172,0.9391691123964621
7228,170591681,170595465,170597450,32,1985,86,0.01587739550099232
7229,170591681,170595466,170596900,32,1434,163,0.17306366326701728
7230,170591681,170596671,170598654,32,1982,160,0.018058716241924233
7231,170591681,170596777,170598220,32,1443,178,0.1095259762837476
7232,170591681,170596852,170598837,32,1984,96,0.6412172587091108
7233,170591681,170596890,170598339,32,1449,388,0.48137707046385914
7234,170591681,170596892,170598878,32,1986,188,0.8669255555531593
7235,170591692,170591693,170592598,1,904,25,0.4091565915951191
7236,170591703,170591703,170591726,1,22,75,0.7325644875434466
7237,170591718,170591718,170591768,1,49,18,0.4959653822989907
7238,170591727,170591727,170591780,1,52,88,0.5618664380001931
7239,170591741,170591742,170591749,1,6,17,0.8302465303141451
7240,170591746,170591746,170591750,1,4,20,0.5711645496770879
7241,170591769,170591770,170591793,1,23,25,0.9139813723023036
7242,170591774,170591785,170591796,24,11,35,0.051755841297801974
7243,170591784,170591784,170591900,1,115,19,0.9180608286980101
7244,170591807,170591807,170592531,1,724,22,0.03300888891169418
7245,170591819,170591819,170591839,1,19,25,0.29680286662302413
7246,170591837,170591837,170591854,1,16,24,0.015114630681852814
7247,170591846,170591846,170592390,1,543,19,0.2111990873294577
7248,170591850,170591850,170591861,1,11,26,0.15471372166646524
7249,170591867,170591867,170591876,1,9,19,0.7191877726728699
7250,170591871,170591871,170591883,1,12,18,0.8499087580668768
7251,170591872,170591872,170592292,1,419,37,0.09503737877197815
7252,170591872,170592294,170594418,1,2124,37,0.23185700016160204
7253,170591872,170594420,170596545,1,2124,37,0.6664296193132877
7254,170591872,170596547,170598673,1,2125,37,0.4230598873792927
7255,170591872,170598675,170600798,1,2123,37,0.9588541528412228
7256,170591872,170600800,170602924,1,2123,37,0.7287230563341548
7257,170591872,170591872,170592292,1,419,19,0.39090538866007485
7258,170591872,170592294,170594417,1,2123,19,0.2588618337396481
7259,170591872,170594419,170596546,1,2127,19,0.3155915295420383
7260,170591872,170596548,170598680,1,2132,18,0.5060886835617399
7261,170591872,170598682,170600814,1,2132,18,0.2446161832889675
7262,170591872,170600816,170602948,1,2132,18,0.6530061494925778
7263,170591872,170591872,170592292,1,419,20,0.3096871600087939
7264,170591872,170592295,170594418,1,2123,18,0.6491073766133895
7265,170591872,170594422,170596552,1,2130,18,0.36851253796952343
7266,170591872,170596554,170598682,1,2128,18,0.16650241170580382
7267,170591873,170598684,170600812,1,2128,18,0.44379235073661283
7268,170591873,170600815,170602944,1,2129,19,0.21770209688337272
7269,170591873,170591873,170592293,1,419,19,0.3706700867497613
7270,170591873,170592295,170594420,1,2125,20,0.4772714438737524
7271,170591873,170594424,170596546,1,2122,17,0.7588552031301657
7272,170591873,170596548,170598672,1,2124,34,0.385576758469219
7273,170591873,170598674,170600804,1,2129,19,0.4246660739025465
7274,170591873,170600806,170602932,1,2126,40,0.48393913339249817
7275,170591873,170591873,170592292,1,419,20,0.2389455544943362
7276,170591873,170592294,170594418,1,2124,18,0.7916386756834202
7277,170591873,170594420,170596550,1,2130,18,0.7601243801963287
7278,170591873,170596553,170598683,1,2129,18,0.07661306804008006
7279,170591873,170598685,170600815,1,2130,18,0.4029784597058319
7280,170591873,170600817,170602944,1,2127,18,0.563367645822893
7281,170591873,170591873,170592293,1,419,20,0.5813328976189512
7282,170591873,170592295,170594412,1,2117,33,0.26875027159912224
7283,170591873,170594414,170596542,1,2128,33,0.009953436628807655
7284,170591873,170596544,170598667,1,2123,33,0.10135928289494789
7285,170591873,170598668,170600792,1,2123,19,0.6240251531491424
7286,170591873,170600793,170602919,1,2125,45,0.4371661129729202
7287,170591890,170591891,170592150,1,259,29,0.4451084957439133
7288,170591890,170591891,170592150,1,259,28,0.9707202881785436
7289,170591912,170591912,170591951,1,39,208,0.7224423763295851
7290,170591912,170591912,170595671,1,3758,41,0.8588026836887281
7291,170591913,170591913,170591917,16,4,34,0.2946743992183718
7292,170591913,170591914,170591942,1,28,18,0.03546214207210574
7293,170591916,170591916,170595210,1,3294,22,0.6925023480144409
7294,170591921,170591921,170595184,1,3263,23,0.403243743926742
7295,170591926,170591926,170595889,1,3962,21,0.4662571558431744
7296,170591932,170591932,170592107,4,175,118,0.4946302369344904
7297,170591932,170591933,170592433,1,499,27,0.1588417883145482
7298,170591945,170591945,170592448,1,503,21,0.15064615816975846
7299,170591965,170591965,170592690,1,724,138,0.3742611316306803
7300,170591973,170591973,170591985,1,11,19,0.7617496162896593
7301,170591974,170591974,170600182,1,8208,74,0.46104189873252566
7302,170591979,170591980,170592480,1,500,22,0.7143318301943307
7303,170591979,170591980,170592164,1,184,40,0.6512265910457397
7304,170591979,170591980,170591998,1,18,43,0.307602843787549
7305,170591979,170591980,170600181,1,8201,87,0.6441920415233834
7306,170591984,170591984,170593248,1,1263,27,0.6364172040761921
7307,170591986,170591986,170592916,1,929,35,0.6663325195072585
7308,170591988,170591988,170592312,1,324,36,0.2714457655995075
7309,170591989,170591989,170592232,1,242,21,0.9654557638546574
7310,170591996,170591996,170592284,1,287,35,0.727929059842527
7311,170591998,170591998,170592321,1,323,35,0.8904595606045566
7312,170591999,170591999,170592492,1,492,25,0.8900472227711558
7313,170592006,170592006,170592020,1,13,33,0.32902633984678054
7314,170592007,170592007,170592021,1,13,18,0.8545099319519225
7315,170592019,170592019,170595618,1,3599,124,0.1366116394620026
7316,170592024,170592024,170592195,1,170,46,0.36434209715625165
7317,170592025,170592025,170592195,1,170,31,0.5927246414222532
7318,170592027,170592027,170592045,1,18,29,0.6564508896469026
7319,170592031,170592033,170592535,1,502,20,0.7254838950505715
7320,170592032,170592033,170592535,1,502,20,0.7183140935864678
7321,170592054,170592054,170592230,1,175,67,0.3854627460634267
7322,170592066,170592066,170592348,1,282,23,0.7047697800676639
7323,170592075,170592075,170592225,1,149,64,0.19073871903587658
7324,170592085,170592121,170592309,1,188,71,0.46117560255806045
7325,170592098,170592098,170592148,4,49,49,0.6069605612835096
7326,170592099,170592152,170592167,1,15,18,0.1116650679172505
7327,170592101,170592101,170592190,1,88,133,0.12248379043471314
7328,170592102,170592103,170592126,1,22,153,0.7394822403863002
7329,170592106,170592169,170592191,1,22,18,0.09301113764956448
7330,170592107,170592121,170592151,1,30,93,0.537711095426522
7331,170592109,170592152,170592348,1,196,31,0.9738997252740479
7332,170592114,170592115,170600758,1,8643,24,0.9927819017379135
7333,170592133,170592133,170594684,4,2550,68,0.3981887249693995
7334,170592137,170592137,170593775,4,1638,119,0.9059084474108392
7335,170592144,170592144,170593117,16,973,117,0.507473307464271
7336,170592148,170592210,170592572,1,362,43,0.6990871345462603
7337,170592148,170592227,170592591,1,363,62,0.2829965543572003
7338,170592159,170592161,170593838,1,1677,60,0.09471584603200967
7339,170592168,170592168,170592223,1,55,33,0.17275430635116507
7340,170592172,170592193,170592199,1,6,36,0.2842134492838403
7341,170592179,170592179,170592223,4,43,47,0.354866516614571
7342,170592193,170592193,170592200,1,7,30,0.18466437904711897
7343,170592193,170592203,170592223,1,19,25,0.7994971212839224
7344,170592194,170592201,170592208,1,7,32,0.42121184311483306
7345,170592197,170592197,170593034,1,836,46,0.9855803182855016
7346,170592201,170592201,170592213,1,11,18,0.43305163179762585
7347,170592213,170592225,170592256,1,31,25,0.4881245183624453
7348,170592217,170592217,170592384,1,167,61,0.04786878175822806
7349,170592221,170592231,170592250,1,18,65,0.9685826836871331
7350,170592245,170592255,170592263,1,7,21,0.053045358122069564
7351,170592249,170592249,170592253,8,4,25,0.859622516379924
7352,170592249,170592249,170600889,1,8639,52,0.2763014498267339
7353,170592259,170592259,170592620,1,361,19,0.9056634499176555
7354,170592262,170592262,170593034,1,772,41,0.8120530007318655
7355,170592263,170592264,170593042,1,778,46,0.19785481790460324
7356,170592265,170592265,170593035,1,770,42,0.36344914003522244
7357,170592266,170592266,170593042,1,775,42,0.2563555286162589
7358,170592268,170592269,170593037,1,768,42,0.587781182291368
7359,170592269,170592269,170593037,1,768,41,0.459875761723577
7360,170592271,170592271,170593037,1,765,41,0.7003149306559131
7361,170592272,170592272,170593042,1,769,41,0.0475677910251181
7362,170592275,170592277,170593040,1,763,41,0.08862765452784527
7363,170592275,170592277,170593044,1,766,41,0.5607482595462927
7364,170592282,170592282,170592583,1,301,164,0.33155580052507927
7365,170592285,170592285,170600930,16,8644,38,0.5186920412264353
7366,170592298,170592298,170592320,4,22,46,0.6640212748364228
7367,170592309,170592309,170592663,1,353,66,0.9163511025717845
7368,170592314,170592314,170592348,1,34,30,0.1577061145900338
7369,170592327,170592355,170592368,1,13,22,0.21161039394491854
7370,170592330,170592355,170592624,1,269,22,0.49562364240613854
7371,170592331,170592333,170593239,1,905,26,0.5507495632496308
7372,170592331,170592333,170593239,1,905,24,0.5209622156299308
7373,170592338,170592338,170592344,1,6,19,0.6358617706076402
7374,170592340,170592350,170592376,1,25,23,0.7006526900248121
7375,170592348,170592349,170592382,1,33,26,0.5193931729344582
7376,170592349,170592377,170592424,1,46,74,0.3578616178572529
7377,170592367,170592370,170592378,1,8,22,0.2753386533667801
7378,170592372,170592377,170592406,1,29,202,0.5841267689981814
7379,170592374,170592374,170601017,1,8642,41,0.21037863944552382
7380,170592374,170592374,170601017,1,8642,29,0.7059709529058152
7381,170592377,170592377,170592393,1,15,28,0.2346161360319743
7382,170592391,170592407,170592410,2,2,64,0.8903381731565195
7383,170592396,170592396,170592422,1,26,151,0.5478213619930189
7384,170592411,170592412,170592447,2,35,46,0.412582670223836
7385,170592413,170592413,170592957,1,543,40,0.2605068396008604
7386,170592419,170592420,170592542,1,121,20,0.4804887621355305
7387,170592425,170592425,170592520,1,94,23,0.6111218674733246
7388,170592430,170592430,170600988,1,8557,33,0.03347357222881997
7389,170592432,170592432,170592555,1,122,67,0.07515041622913543
7390,170592433,170592434,170592938,1,503,21,0.9009690923611409
7391,170592434,170592434,170592463,1,29,26,0.7866518519331325
7392,170592439,170592441,170592458,1,16,28,0.6658156726995738
7393,170592448,170592449,170592956,1,506,21,0.6925244096566666
7394,170592456,170592456,170592499,1,43,67,0.2926857285801874
7395,170592457,170592457,170592706,2,248,86,0.9762962276789452
7396,170592457,170592457,170592712,2,254,86,0.249406997043093
7397,170592458,170592459,170592709,2,250,101,0.3166856482135427
7398,170592459,170592459,170592718,2,259,100,0.11564872466998288
7399,170592459,170592460,170592708,2,248,101,0.777477295219016
7400,170592460,170592460,170592511,1,51,21,0.9119331241215127
7401,170592460,170592516,170592523,1,7,21,0.8754886164689005
7402,170592460,170592460,170592715,2,255,101,0.382699222216092
7403,170592460,170592461,170592713,2,252,100,0.6051567395327437
7404,170592461,170592462,170592710,2,247,101,0.46663626523902013
7405,170592462,170592462,170592715,2,253,101,0.817325017654748
7406,170592462,170592463,170592710,2,246,100,0.408109522556674
7407,170592463,170592464,170592712,2,248,86,0.3001915881072523
7408,170592464,170592464,170592715,2,251,86,0.5535900948134088
7409,170592464,170592464,170592709,2,244,86,0.842044857423843
7410,170592465,170592465,170592715,2,250,87,0.8945181564039335
7411,170592466,170592466,170592707,2,241,89,0.8013258177377094
7412,170592466,170592466,170592716,2,249,86,0.9760545334688002
7413,170592467,170592467,170592712,2,244,86,0.2051666951530564
7414,170592467,170592700,170593264,1,563,19,0.5379084922363624
7415,170592467,170592700,170593264,1,563,19,0.04513079559552635
7416,170592468,170592468,170592715,2,247,87,0.5027399949398057
7417,170592468,170592599,170592663,1,63,36,0.5488190600683793
7418,170592468,170592624,170592687,1,62,36,0.5886403825996717
7419,170592468,170592626,170592690,1,63,41,0.4547794658128608
7420,170592468,170592468,170592717,2,248,89,0.23128780936842808
7421,170592469,170592469,170592714,2,244,86,0.5197221465879158
7422,170592469,170592470,170592720,2,250,91,0.7410423682640795
7423,170592470,170592485,170592734,2,249,88,0.19075828017141838
7424,170592471,170592485,170592560,2,74,86,0.9999568959378876
7425,170592471,170592485,170592734,2,249,98,0.15655394092730124
7426,170592472,170592485,170592741,2,256,87,0.18121791823350986
7427,170592472,170592496,170592743,2,246,87,0.8709173263555867
7428,170592473,170592544,170592795,2,251,87,0.4954778170134163
7429,170592474,170592547,170592796,2,248,87,0.8258117023499398
7430,170592474,170592548,170592800,2,252,87,0.10623026215848164
7431,170592475,170592548,170592805,2,256,88,0.2888250727209567
7432,170592476,170592562,170592625,2,63,86,0.24803083733296083
7433,170592476,170592565,170592829,2,263,90,0.820770530220789
7434,170592477,170592565,170592817,2,252,90,0.5964286313977002
7435,170592478,170592565,170592825,2,259,90,0.2431956356163395
7436,170592478,170592565,170592817,2,251,170,0.2893647874837997
7437,170592479,170592565,170592821,2,255,88,0.6631201928845204
7438,170592480,170592565,170592819,2,253,88,0.4224732522320628
7439,170592480,170592565,170592823,2,257,89,0.9422687569720134
7440,170592480,170592481,170592984,1,503,21,0.38812936924321617
7441,170592481,170592565,170592825,2,259,88,0.4316539873517522
7442,170592481,170592534,170592559,1,25,114,0.851557531192895
7443,170592481,170592719,170592966,2,247,101,0.3858600250552159
7444,170592482,170592719,170592966,2,247,101,0.918067925051309
7445,170592483,170592719,170592963,2,244,86,0.2763172303823225
7446,170592483,170592719,170592969,2,250,86,0.2590378790425436
7447,170592484,170592719,170592967,2,248,87,0.015354938169522825
7448,170592484,170592719,170592964,2,245,86,0.6077179186793245
7449,170592485,170592719,170592971,2,252,89,0.2659777242120427
7450,170592486,170592719,170592963,2,244,87,0.9988303821299215
7451,170592486,170592719,170592964,2,244,96,0.6596943428688897
7452,170592487,170592719,170592963,2,243,86,0.3847392152419884
7453,170592488,170592721,170592976,2,254,86,0.12584830416900616
7454,170592488,170592721,170592969,2,247,86,0.9370869309782717
7455,170592489,170592721,170592967,2,246,100,0.4854363754150056
7456,170592489,170592721,170592979,2,257,100,0.7013910494229123
7457,170592490,170592721,170592966,2,245,100,0.23688732547589308
7458,170592491,170592722,170592972,2,249,91,0.6312777836537306
7459,170592491,170592731,170592977,2,246,86,0.4654609078842503
7460,170592492,170592736,170592982,2,246,87,0.9521520669292876
7461,170592492,170592736,170592983,2,247,98,0.23337050968466655
7462,170592493,170592736,170592984,2,247,89,0.8573331582012235
7463,170592494,170592744,170592993,2,248,87,0.4748729556757608
7464,170592494,170592744,170592994,2,249,87,0.07809166084562014
7465,170592495,170592626,170592652,1,26,22,0.635656660911477
7466,170592495,170592798,170593048,2,250,86,0.26712784337692397
7467,170592495,170592798,170593052,2,254,86,0.27277144172721746
7468,170592496,170592798,170593042,2,244,86,0.9570349512715624
7469,170592497,170592798,170593039,2,241,86,0.9222366873027592
7470,170592497,170592798,170593044,2,246,87,0.5084308513688297
7471,170592498,170592798,170593042,2,244,86,0.039785280467900974
7472,170592499,170592798,170593048,2,250,86,0.5684084866478099
7473,170592499,170592503,170592538,1,34,69,0.268888518041011
7474,170592499,170592798,170593044,2,246,87,0.35363340144085265
7475,170592500,170592798,170593052,2,254,86,0.6065954047023467
7476,170592500,170592798,170593050,2,252,86,0.30095061530644496
7477,170592501,170592798,170593053,2,255,89,0.408022730154598
7478,170592502,170592798,170593044,2,246,86,0.2761843700248584
7479,170592502,170592798,170593051,2,253,90,0.6182139104920982
7480,170592503,170592798,170593054,2,256,88,0.06877342042747325
7481,170592503,170592798,170593048,2,250,86,0.021326909737395927
7482,170592504,170592798,170593047,2,249,87,0.7370582519456085
7483,170592505,170592798,170593044,2,246,87,0.5831710293220416
7484,170592505,170592802,170593056,2,254,87,0.6862852856692794
7485,170592506,170592806,170593053,2,246,88,0.16773393327495467
7486,170592506,170592543,170601107,32,8563,47,0.7935413114121628
7487,170592507,170592819,170593070,2,250,170,0.18756134721337547
7488,170592507,170592820,170593075,2,255,90,0.12474640206331034
7489,170592508,170592821,170593074,2,252,89,0.3516147433316359
7490,170592508,170592541,170595643,4,3101,140,0.9133810284342055
7491,170592508,170592823,170593072,2,249,88,0.2824944715361034
7492,170592509,170592826,170593071,2,244,89,0.1862082607488288
7493,170592510,170592826,170593077,2,251,90,0.6669155003846451
7494,170592510,170592827,170593081,2,254,88,0.2831942009855237
7495,170592511,170592830,170593080,2,249,91,0.976190026715286
7496,170592511,170592873,170593122,2,249,87,0.622753669055281
7497,170592512,170592873,170593125,2,251,88,0.7808031976187341
7498,170592512,170592534,170595199,1,2665,83,0.7551583551208351
7499,170592512,170592525,170592558,1,32,21,0.40979860116168143
7500,170592513,170592873,170593122,2,249,98,0.22491332043315637
7501,170592513,170592873,170593128,2,255,91,0.34240111749205315
7502,170592514,170592873,170593127,2,254,88,0.5490289980478827
7503,170592514,170592534,170594810,1,2276,84,0.9789906782804466
7504,170592515,170592873,170593126,2,253,109,0.4887711123679308
7505,170592515,170592873,170593122,2,248,101,0.09469598567234272
7506,170592515,170592534,170594083,1,1549,84,0.9591273155159415
7507,170592516,170592873,170593119,2,246,100,0.2767614544409105
7508,170592516,170592873,170593125,2,251,100,0.5819353205994202
7509,170592517,170592873,170593118,2,244,100,0.06388109793270391
7510,170592518,170592873,170593123,2,249,100,0.6239184369196263
7511,170592518,170592535,170594190,1,1655,82,0.5317654553260045
7512,170592518,170592522,170592703,1,180,23,0.40868318487406385
7513,170592520,170592541,170594535,1,1993,26,0.9430024647776617
7514,170592522,170592535,170594588,1,2053,94,0.05695091934503982
7515,170592524,170592627,170592687,1,60,77,0.559057040876214
7516,170592528,170592560,170592744,2,184,66,0.4531885590264183
7517,170592535,170592537,170593040,1,502,21,0.5362256807600603
7518,170592535,170592537,170593041,1,504,21,0.9896668081132708
7519,170592542,170592543,170593446,1,903,23,0.32801383613523816
7520,170592545,170592992,170592999,24,6,37,0.3150967782541423
7521,170592550,170592551,170593454,1,903,81,0.9331764743886797
7522,170592553,170592553,170592564,1,10,20,0.2926224923276226
7523,170592554,170592565,170592598,1,32,22,0.8286422070674399
7524,170592555,170593259,170595424,1,2164,215,0.5876261634878823
7525,170592566,170592566,170601203,1,8636,101,0.5755557231379821
7526,170592566,170592873,170593118,2,245,101,0.16365681907081908
7527,170592567,170592647,170592746,1,99,69,0.586796521300651
7528,170592568,170592710,170601347,1,8636,93,0.020781274932229032
7529,170592569,170592710,170601349,1,8638,91,0.7271669041888965
7530,170592569,170592710,170601353,1,8643,96,0.2365578815155367
7531,170592569,170592710,170601353,1,8643,106,0.826344372077747
7532,170592569,170592710,170601347,1,8636,95,0.02236954431385263
7533,170592569,170592710,170601353,1,8643,108,0.828970938213951
7534,170592569,170592710,170601347,1,8636,106,0.3912814829483129
7535,170592569,170592628,170592633,2,4,20,0.5295590257709072
7536,170592571,170592628,170592664,1,35,25,0.43683958026826164
7537,170592576,170592578,170592617,1,39,201,0.11239103394168903
7538,170592584,170592588,170595698,1,3109,82,0.05314455892212233
7539,170592588,170592592,170592626,1,33,28,0.7277943772809643
7540,170592591,170592600,170592627,1,26,171,0.5584719968664125
7541,170592598,170592647,170593546,1,899,24,0.24037752413966684
7542,170592602,170592716,170592802,1,86,87,0.2727908789089244
7543,170592622,170592624,170592626,1,2,17,0.44977313860069723
7544,170592627,170592873,170593126,2,252,101,0.8512438222227174
7545,170592647,170592700,170592712,2,11,20,0.7816781728732036
7546,170592652,170592710,170592721,2,10,18,0.788719854069746
7547,170592653,170592711,170592717,2,6,86,0.17784815965453415
7548,170592654,170592711,170592719,2,8,101,0.07424099616631086
7549,170592654,170592711,170592717,2,5,100,0.7069283565194175
7550,170592663,170592664,170592704,1,40,26,0.636392019749191
7551,170592663,170592665,170593357,1,691,72,0.20493784687669558
7552,170592672,170592672,170592981,1,309,22,0.27233619063484793
7553,170592676,170592676,170592682,1,6,48,0.3947157505906457
7554,170592677,170592684,170592713,1,29,49,0.4020261863424762
7555,170592696,170592716,170594712,1,1996,86,0.6722978188341295
7556,170592701,170592707,170592718,1,10,22,0.46160726178531697
7557,170592704,170592714,170593437,1,722,34,0.1282333195015828
7558,170592707,170592714,170592738,1,24,30,0.11038839220229302
7559,170592713,170592873,170593121,2,247,101,0.261197445494881
7560,170592713,170592873,170593122,2,248,101,0.630393938779645
7561,170592714,170592873,170593121,2,248,100,0.7111317558450775
7562,170592714,170592881,170593128,2,247,86,0.30102108895618584
7563,170592715,170592881,170593137,2,256,108,0.2607340880421203
7564,170592716,170592881,170593128,2,247,86,0.29669644201105516
7565,170592716,170592881,170593124,2,243,97,0.32710229205956864
7566,170592717,170592881,170593127,2,246,93,0.5600691973106481
7567,170592718,170592881,170593126,2,244,90,0.11658984375187964
7568,170592718,170592881,170593126,2,245,89,0.9267960167638793
7569,170592719,170592881,170593132,2,251,87,0.14872362923870253
7570,170592719,170592881,170593131,2,250,87,0.8974133065750323
7571,170592720,170592881,170593131,2,250,87,0.748132577110297
7572,170592721,170592721,170592733,1,11,45,0.43563506188005585
7573,170592721,170592881,170593128,2,247,87,0.834358509095709
7574,170592721,170592881,170593126,2,245,87,0.8405456278364518
7575,170592722,170592881,170593127,2,246,87,0.34667468247944266
7576,170592722,170592881,170593131,2,249,87,0.49323915268796237
7577,170592723,170592881,170593131,2,249,87,0.5614081037529022
7578,170592724,170592881,170593130,2,249,97,0.5931118647842529
7579,170592724,170592881,170593131,2,249,97,0.6453461268269175
7580,170592725,170592881,170593125,2,244,96,0.5479262659728409
7581,170592728,170592728,170592741,1,12,29,0.10329651454946709
7582,170592735,170592736,170592747,1,11,48,0.05478697164552093
7583,170592738,170592881,170593126,2,244,88,0.8642133215528134
7584,170592738,170592881,170593128,2,247,101,0.33047380510122215
7585,170592745,170592881,170593130,2,249,88,0.04768371081079548
7586,170592745,170592881,170593127,2,246,90,0.029427469377443227
7587,170592752,170592752,170592770,1,17,21,0.026013605930484962
7588,170592760,170592798,170593627,2,829,56,0.9571402891212997
7589,170592761,170592762,170592772,1,10,20,0.9180503879945233
7590,170592762,170592762,170601401,1,8638,96,0.6915384087568953
7591,170592765,170592765,170592779,1,13,19,0.09206458567261722
7592,170592784,170592784,170592849,2,64,48,0.8650076134872795
7593,170592796,170592796,170592808,1,11,18,0.916212424602719
7594,170592800,170592881,170593127,2,246,103,0.2909404086520223
7595,170592801,170592881,170593127,2,246,111,0.7839920710561529
7596,170592804,170592804,170592820,1,15,23,0.9314226423501853
7597,170592808,170592881,170593126,2,245,86,0.7555398622275836
7598,170592808,170592881,170593127,2,246,87,0.5953000865235336
7599,170592815,170592815,170592825,1,9,24,0.5850427096607296
7600,170592816,170592817,170592842,1,25,45,0.016115561665356215
7601,170592821,170592822,170592833,1,11,29,0.880973658953442
7602,170592821,170592881,170593126,2,245,87,0.30917677007297084
7603,170592822,170592887,170593133,2,245,97,0.8506229024949021
7604,170592822,170592887,170593135,2,248,86,0.04674520179184194
7605,170592828,170592828,170592841,1,12,25,0.27949656967928826
7606,170592830,170592887,170593130,2,243,88,0.8524118618390101
7607,170592830,170592927,170593174,2,246,83,0.6230469870311058
7608,170592831,170592932,170593186,2,253,84,0.176795820783616
7609,170592832,170592965,170593207,2,241,86,0.015390806486914599
7610,170592832,170592965,170593214,2,249,96,0.6111102195570066
7611,170592841,170592843,170592854,1,10,24,0.9074666354094234
7612,170592846,170592846,170592877,1,30,25,0.3041583167727345
7613,170592858,170592881,170592885,4,4,80,0.542319342328357
7614,170592864,170592864,170592872,1,8,28,0.5259850474591298
7615,170592871,170592872,170592880,2,8,22,0.051210465190066
7616,170592874,170592874,170593059,1,185,19,0.4609643604364827
7617,170592894,170592894,170592906,1,11,28,0.42062027168165195
7618,170592905,170592905,170592915,1,10,29,0.45202730847332784
7619,170592912,170592913,170592924,1,11,24,0.9409663103772814
7620,170592914,170592914,170592937,1,23,19,0.018993312807109364
7621,170592914,170592918,170592996,1,78,283,0.5516630847495085
7622,170592917,170592917,170592930,1,12,29,0.9974540181969872
7623,170592918,170592918,170592926,2,7,24,0.42076213882203384
7624,170592929,170592932,170593657,1,724,24,0.3942419460026513
7625,170592930,170592931,170592949,2,18,30,0.12794905862990813
7626,170592938,170592939,170593440,1,501,19,0.6773898031954153
7627,170592941,170592941,170592953,1,12,19,0.46865321604231425
7628,170592944,170592944,170592951,2,6,23,0.0021991950431947682
7629,170592947,170592947,170593672,1,724,26,0.7714623578439838
7630,170592952,170592952,170592964,1,11,23,0.5822510589155916
7631,170592955,170592959,170592989,4,29,43,0.25475578155383727
7632,170592956,170592958,170593460,1,502,21,0.6151281727005729
7633,170592964,170592983,170592998,2,14,28,0.2017044948826534
7634,170592966,170592966,170593214,2,247,86,0.32994404526724597
7635,170592966,170592968,170593209,2,241,86,0.24197898869304513
7636,170592967,170592968,170593212,2,244,87,0.9353892411262253
7637,170592968,170592968,170593218,2,250,101,0.822645502901106
7638,170592968,170592968,170593214,2,246,100,0.6220567797972738
7639,170592969,170592969,170593216,2,247,87,0.0825358152040947
7640,170592969,170592971,170593220,2,249,87,0.34924379327747224
7641,170592970,170592971,170593220,2,248,100,0.2102809215366399
7642,170592971,170592971,170593220,2,249,101,0.11434814172424479
7643,170592971,170592972,170593221,2,249,86,0.3790302923693156
7644,170592972,170592972,170593219,2,247,107,0.29940889721378783
7645,170592973,170592973,170593226,2,253,89,0.2719189736805163
7646,170592979,170592979,170593224,2,244,86,0.14350051979078626
7647,170592980,170592980,170593226,2,246,86,0.07776372951330557
7648,170592980,170592981,170593222,2,241,100,0.5119268178870109
7649,170592981,170592981,170593233,2,251,91,0.11248944859928267
7650,170592982,170592985,170593235,2,249,97,0.449654220230149
7651,170592984,170592985,170593486,1,500,22,0.130803084115089
7652,170592986,170593001,170593485,1,484,481,0.19673745212627802
7653,170592987,170593001,170593644,1,643,136,0.5320319251893886
7654,170592988,170592988,170593236,2,247,88,0.24026182766957838
7655,170592989,170592989,170593235,2,246,87,0.5967442711089581
7656,170592990,170592990,170593235,2,245,91,0.9269732025287477
7657,170592992,170593000,170593011,1,11,35,0.784254841224388
7658,170592996,170592997,170593029,1,32,25,0.5004660916265132
7659,170592996,170592997,170593243,2,246,87,0.22997961995118077
7660,170592997,170592997,170593248,2,250,91,0.7553220023591444
7661,170593002,170593002,170593005,1,2,18,0.7819330985967725
7662,170593002,170593003,170593123,1,120,219,0.21546640107416992
7663,170593004,170593004,170593310,1,305,29,0.32561358714830635
7664,170593004,170593004,170593310,1,305,28,0.6361072208690044
7665,170593007,170593007,170593309,1,302,33,0.12386005822132318
7666,170593007,170593311,170593319,2,8,29,0.48873254685520917
7667,170593008,170593013,170593030,1,17,38,0.9319657252216262
7668,170593028,170593032,170593043,1,11,38,0.38743450687432457
7669,170593031,170593236,170595109,16,1872,148,0.2267552109105665
7670,170593033,170593045,170593075,1,29,40,0.5448723643636798
7671,170593034,170593303,170595177,16,1874,143,0.1457571308883837
7672,170593037,170593317,170595296,16,1979,143,0.6557897488619979
7673,170593040,170593040,170593540,1,499,34,0.5814023770173823
7674,170593040,170593343,170595223,16,1879,220,0.2676684342380079
7675,170593041,170593042,170593542,1,500,20,0.29557828674581366
7676,170593044,170593081,170593092,1,11,33,0.7542331123125496
7677,170593046,170593046,170593294,2,248,86,0.2036142018704249
7678,170593046,170593047,170593052,1,4,17,0.7469597408531828
7679,170593047,170593047,170593297,2,249,86,0.40703535156816273
7680,170593047,170593047,170593292,2,245,86,0.8934017967738865
7681,170593048,170593049,170593307,2,257,86,0.29259213525013716
7682,170593049,170593049,170593296,2,247,87,0.7300442452998042
7683,170593049,170593049,170593300,2,250,86,0.45695470301426533
7684,170593050,170593050,170593302,2,251,86,0.6735958585701924
7685,170593051,170593052,170593300,2,248,86,0.32741457683850683
7686,170593051,170593052,170593300,2,248,86,0.19519385600220307
7687,170593052,170593052,170593298,2,245,86,0.0049946159655258615
7688,170593053,170593053,170593301,2,247,90,0.6549679367172238
7689,170593053,170593053,170593304,2,250,86,0.06911991256460848
7690,170593054,170593054,170593308,2,253,87,0.338824180717211
7691,170593060,170593061,170593310,2,249,86,0.3423032443315197
7692,170593061,170593061,170593067,1,5,18,0.2907493282446364
7693,170593061,170593061,170593311,2,249,85,0.4999417070566816
7694,170593062,170593062,170593314,2,252,87,0.566228260188327
7695,170593062,170593062,170593308,2,245,87,0.10367031690784201
7696,170593063,170593063,170593315,2,251,87,0.18085594943238015
7697,170593064,170593064,170593316,2,252,86,0.17224810582580308
7698,170593072,170593073,170593076,1,3,18,0.455309078613918
7699,170593076,170593076,170593324,2,247,89,0.8138222124972349
7700,170593077,170593077,170593321,2,244,88,0.9648592307685541
7701,170593077,170593078,170593326,2,248,90,0.7677112276303607
7702,170593078,170593079,170593335,2,256,171,0.0019163612344736958
7703,170593079,170593079,170593326,2,247,88,0.11947211148477033
7704,170593084,170593085,170593090,1,5,17,0.19064073070493037
7705,170593085,170593085,170593341,2,255,91,0.7399390873253229
7706,170593086,170593086,170593332,2,245,90,0.17460776249723564
7707,170593087,170593087,170593342,2,255,88,0.5488046245583005
7708,170593092,170593094,170593101,1,7,41,0.9652316511594734
7709,170593100,170593103,170593115,1,12,41,0.167424317874051
7710,170593104,170593117,170593151,1,33,40,0.45607796241811727
7711,170593123,170593124,170593377,2,253,87,0.5051494018335637
7712,170593124,170593124,170593380,2,255,98,0.8994943919070537
7713,170593125,170593128,170593379,2,251,109,0.21566776853773573
7714,170593125,170593126,170593379,2,253,87,0.6534849966766291
7715,170593126,170593128,170593379,2,251,87,0.021477264817529873
7716,170593127,170593128,170593377,2,248,88,0.09547646930361853
7717,170593127,170593128,170593375,2,246,97,0.1887562931169423
7718,170593128,170593128,170593378,2,250,90,0.5224792649819859
7719,170593128,170593129,170593382,2,253,88,0.4660693226405823
7720,170593129,170593130,170593380,2,250,87,0.8924396661301793
7721,170593130,170593131,170593382,2,250,88,0.7836222788535677
7722,170593130,170593131,170593447,8,315,101,0.44974276809091673
7723,170593130,170593132,170593390,2,258,97,0.03697794708893232
7724,170593131,170593132,170593383,2,250,88,0.6276874540814457
7725,170593134,170593153,170593183,1,30,108,0.26628728003237556
7726,170593139,170593311,170593325,1,13,29,0.7846703586865348
7727,170593151,170593151,170593335,1,183,20,0.22611641774899682
7728,170593172,170593270,170593935,1,665,18,0.062169249549394956
7729,170593175,170593185,170593248,1,62,108,0.8340635367952485
7730,170593175,170593263,170593310,1,46,42,0.09961057775458593
7731,170593185,170593186,170593196,8,10,40,0.9111098444563506
7732,170593196,170593196,170593205,4,8,28,0.07098796570550792
7733,170593199,170593265,170593639,1,374,263,0.6938990827481918
7734,170593207,170593207,170593490,8,282,21,0.5275304344844491
7735,170593224,170593392,170595444,16,2051,158,0.6021957737243796
7736,170593226,170593228,170593241,4,13,86,0.42659033319884265
7737,170593227,170596902,170598756,16,1854,232,0.1241445933323233
7738,170593239,170593240,170594142,1,902,26,0.37312401259612826
7739,170593239,170593240,170594140,1,900,26,0.3369395009156193
7740,170593240,170593240,170601874,2,8634,70,0.950771479428481
7741,170593240,170593240,170601874,2,8633,72,0.9774444453807098
7742,170593241,170593242,170593249,2,6,21,0.5401841788752451
7743,170593242,170593244,170593249,2,5,33,0.7078677050459996
7744,170593243,170593244,170593249,2,5,24,0.27154723188362206
7745,170593244,170593245,170593249,2,4,86,0.303000561194119
7746,170593246,170596933,170598378,32,1444,92,0.30012423549602707
7747,170593246,170597006,170598986,32,1980,100,0.20295727083619042
7748,170593246,170597120,170598554,32,1433,102,0.25178507822959395
7749,170593246,170597120,170599103,32,1982,98,0.5620883057696575
7750,170593246,170597184,170598619,32,1435,99,0.9295373474583798
7751,170593246,170597298,170599284,32,1986,80,0.8641817436340503
7752,170593246,170597348,170598785,32,1437,173,0.8265860915972735
7753,170593246,170597367,170599362,32,1995,467,0.5242951307173818
7754,170593246,170597452,170598888,32,1435,172,0.543986775541621
7755,170593246,170597618,170599608,32,1989,98,0.6121024926345296
7756,170593246,170597796,170599233,32,1437,312,0.08099855497599939
7757,170593246,170598555,170600541,32,1985,102,0.6111131438138968
7758,170593246,170598621,170600061,32,1439,101,0.7298122497557956
7759,170593246,170598655,170600640,32,1984,161,0.31642872861074667
7760,170593246,170599286,170600732,32,1445,81,0.8905328784331701
7761,170593246,170599364,170601363,32,1998,468,0.6747044064582027
7762,170593246,170599500,170600934,32,1434,99,0.24768373054550408
7763,170593246,170599614,170601602,32,1988,98,0.6878966487984932
7764,170593246,170599674,170601105,32,1430,113,0.9168932713091258
7765,170593246,170599858,170601838,32,1979,92,0.621163982921422
7766,170593247,170600642,170602081,32,1439,159,0.3177292749317381
7767,170593247,170601640,170603082,32,1441,114,0.4597358981115409
7768,170593247,170601640,170603630,32,1990,110,0.8366730524662168
7769,170593247,170601640,170603629,32,1988,181,0.32973732361884034
7770,170593247,170601640,170603633,32,1993,103,0.8676019248593357
7771,170593247,170601640,170603086,32,1446,112,0.6838555621845098
7772,170593247,170601640,170603081,32,1441,165,0.7801648872608032
7773,170593247,170601700,170603863,32,2163,417,0.751854786122791
7774,170593247,170601700,170603687,32,1987,105,0.9971042809392405
7775,170593251,170593313,170593559,1,245,137,0.9591119061800699
7776,170593271,170593457,170594181,1,723,21,0.4654562295817065
7777,170593271,170593457,170594181,1,723,40,0.4215968910462796
7778,170593274,170593274,170593280,4,6,32,0.8504972495664697
7779,170593288,170593288,170601922,2,8634,70,0.9272087334050018
7780,170593288,170593288,170601922,2,8633,72,0.8592242151688807
7781,170593288,170593289,170601922,2,8633,84,0.6774226350893944
7782,170593289,170593289,170601922,2,8633,71,0.31602735805030013
7783,170593289,170593289,170601922,2,8633,71,0.05599472144465345
7784,170593301,170593321,170593599,1,277,47,0.4727532919770313
7785,170593306,170593306,170593615,4,309,86,0.8328083710811575
7786,170593308,170594682,170596678,1,1996,277,0.9070571471807819
7787,170593308,170594715,170596711,1,1995,56,0.8655741670333608
7788,170593321,170593322,170593329,1,7,23,0.39497140087092364
7789,170593321,170593327,170593392,1,65,50,0.8836162626627078
7790,170593339,170593341,170593417,1,76,71,0.23664665079206126
7791,170593345,170593358,170594010,1,651,52,0.5664537969588864
7792,170593354,170593355,170593580,1,224,32,0.9729703840183666
7793,170593356,170593356,170593377,4,20,21,0.9383240560225763
7794,170593362,170593381,170593391,4,10,108,0.9205710276507585
7795,170593364,170593395,170593454,1,59,40,0.8675105512258755
7796,170593374,170593381,170599711,4,6329,86,0.531996800843403
7797,170593375,170593381,170599875,4,6493,88,0.8296375451106557
7798,170593379,170593381,170602019,1,8638,95,0.08491919614685273
7799,170593379,170593381,170602018,1,8637,99,0.8379177425430873
7800,170593399,170593400,170593408,4,8,40,0.0885806115948965
7801,170593400,170593419,170593880,1,461,263,0.5297592079934356
7802,170593415,170593416,170594021,1,605,383,0.37990729137823975
7803,170593416,170593416,170602059,1,8642,86,0.4496755537357765
7804,170593427,170593427,170593448,4,20,41,0.2770231372832044
7805,170593429,170593449,170593458,4,8,41,0.6714471813982347
7806,170593440,170593441,170593944,1,502,19,0.4320664112325292
7807,170593446,170593449,170594348,1,898,23,0.6284893848559961
7808,170593450,170593457,170593459,8,1,23,0.5132966011021373
7809,170593454,170593457,170594357,1,900,24,0.35633347916249214
7810,170593460,170593460,170593962,1,502,43,0.9885470400104701
7811,170593468,170593468,170599240,4,5772,53,0.4661367417571042
7812,170593476,170593492,170593576,8,84,30,0.8302508383130066
7813,170593479,170593481,170597009,1,3528,50,0.34903414236282126
7814,170593481,170593481,170599065,1,5584,73,0.29432775200906747
7815,170593481,170593562,170600909,1,7347,75,0.13600985902358287
7816,170593482,170593562,170601074,1,7512,85,0.519469123869722
7817,170593482,170593562,170602088,1,8526,88,0.052855499142855034
7818,170593482,170593562,170602205,1,8643,89,0.901583000933921
7819,170593483,170593562,170602205,1,8643,77,0.36510799074590883
7820,170593483,170593493,170593793,1,299,487,0.7301596268162956
7821,170593486,170593492,170593992,1,500,23,0.23373847080725385
7822,170593504,170593548,170593877,1,329,34,0.5067620533553862
7823,170593512,170593548,170593583,1,35,120,0.2818200430924417
7824,170593517,170593560,170593601,1,40,26,0.9904300968445182
7825,170593519,170593562,170593967,8,404,77,0.4728888944319699
7826,170593532,170593625,170593633,1,8,34,0.15610309147341106
7827,170593540,170593553,170594053,1,500,22,0.7447495796517927
7828,170593542,170593562,170594066,1,503,76,0.4359862623170455
7829,170593546,170593562,170594462,1,900,86,0.592740649186164
7830,170593556,170593562,170594983,1,1421,76,0.22588718509656636
7831,170593568,170593568,170596507,1,2938,80,0.1853334757807773
7832,170593568,170593568,170596507,1,2938,77,0.8385159928778837
7833,170593568,170593568,170596507,1,2938,78,0.8854907623928562
7834,170593568,170593568,170596507,1,2938,76,0.6754230988214504
7835,170593568,170593568,170596507,1,2938,76,0.6993519366475299
7836,170593568,170593568,170596507,1,2938,75,0.3044335884114283
7837,170593568,170593568,170596507,1,2938,77,0.8536248166907426
7838,170593568,170593568,170596507,1,2938,74,0.5747708481355214
7839,170593581,170593581,170594251,8,670,96,0.3223936340459531
7840,170593587,170593587,170594568,1,980,173,0.6989079469704166
7841,170593591,170593591,170594203,1,612,203,0.9099500133889424
7842,170593597,170593597,170593672,1,75,18,0.060947459289345196
7843,170593597,170593625,170593869,1,243,138,0.1471122586006809
7844,170593627,170593627,170593670,4,43,48,0.12382602337259196
7845,170593629,170593974,170594007,1,32,62,0.1838601919448558
7846,170593633,170593635,170593672,1,37,223,0.24775770460456548
7847,170593634,170593634,170593644,1,10,16,0.6864965236023153
7848,170593634,170593634,170594274,1,640,36,0.9034105874746814
7849,170593634,170593634,170594276,1,641,23,0.4366266398763715
7850,170593634,170593634,170594277,1,642,25,0.6704591852967586
7851,170593634,170593634,170593653,1,18,24,0.7347303546865753
7852,170593634,170593634,170594285,1,650,30,0.8992093071911712
7853,170593634,170593634,170594294,1,659,35,0.6139139794081636
7854,170593634,170593634,170594304,1,669,40,0.09528410553476274
7855,170593634,170593634,170593695,1,60,44,0.33886743987241974
7856,170593637,170593641,170593700,1,59,27,0.2038054248201261
7857,170593637,170593646,170594370,1,724,19,0.9193894387967407
7858,170593638,170593638,170593799,1,161,71,0.8573740909472952
7859,170593653,170593653,170593659,1,5,16,0.4688816357491724
7860,170593657,170593657,170594380,1,723,27,0.25673435034544945
7861,170593660,170593733,170593755,24,21,151,0.5081002631347276
7862,170593669,170593669,170593821,1,152,85,0.8881946869399944
7863,170593672,170593672,170594395,1,723,24,0.14083096634089987
7864,170593681,170594756,170594764,2,8,31,0.3094999833311699
7865,170593681,170593703,170593706,1,2,17,0.8423916478074918
7866,170593689,170593745,170593785,1,39,123,0.914640512205562
7867,170593689,170593741,170593767,1,26,131,0.873095888963364
7868,170593692,170593692,170594546,1,853,34,0.5327187161282992
7869,170593694,170593696,170593878,1,181,27,0.5824050545599563
7870,170593696,170593696,170596133,4,2437,190,0.7669729819306611
7871,170593706,170593708,170593739,1,30,122,0.07152306688354304
7872,170593709,170593710,170593739,1,28,123,0.6677308521335517
7873,170593709,170593709,170593759,1,50,17,0.11050510314644435
7874,170593710,170601700,170603691,32,1991,204,0.5723113660940032
7875,170593710,170601700,170603135,32,1435,120,0.4681379102457599
7876,170593710,170601778,170603769,32,1990,159,0.939077497268753
7877,170593710,170601783,170603224,32,1440,88,0.18482580224954814
7878,170593710,170601840,170603829,32,1989,93,0.9498359159968462
7879,170593718,170593718,170593961,1,242,44,0.6692465676816839
7880,170593726,170593795,170593804,1,9,31,0.6361947807743354
7881,170593726,170593806,170594450,1,644,41,0.2910339382995929
7882,170593726,170593876,170594520,1,644,33,0.45386860527042205
7883,170593726,170593887,170594533,1,645,31,0.30372456058772
7884,170593726,170593893,170593912,1,19,132,0.4798626674343208
7885,170593726,170593914,170594568,1,654,53,0.6304256268348237
7886,170593726,170594536,170595197,1,661,45,0.42329839898870236
7887,170593726,170594556,170595228,1,671,131,0.7972484678622666
7888,170593726,170594570,170594631,1,61,53,0.3466998467171687
7889,170593734,170593735,170593748,1,13,18,0.6017077522498284
7890,170593748,170593750,170593754,1,4,18,0.6338351716751117
7891,170593754,170593755,170593878,2,122,38,0.06596456605469514
7892,170593767,170594003,170594727,1,723,198,0.053650363002040624
7893,170593778,170593778,170593783,1,5,17,0.4599193375273586
7894,170593784,170593787,170602431,4,8643,75,0.34616030065356285
7895,170593789,170593789,170594636,2,847,56,0.718168065264955
7896,170593789,170593802,170594648,2,846,59,0.7816042709607716
7897,170593789,170593817,170594661,2,844,58,0.3286119654244575
7898,170593789,170593817,170594690,2,872,59,0.747906912412817
7899,170593789,170593817,170594662,2,844,74,0.3394816245246812
7900,170593789,170593817,170594652,2,834,60,0.5278226837038422
7901,170593789,170593817,170594665,2,847,59,0.843272105695832
7902,170593789,170593817,170594666,2,848,58,0.42807219159093435
7903,170593789,170593817,170594645,2,827,58,0.8741390268136899
7904,170593789,170593817,170594666,2,848,57,0.5285322753676154
7905,170593789,170593817,170594656,2,839,57,0.6338686690902668
7906,170593789,170593817,170594638,2,821,59,0.5133724186759134
7907,170593789,170593817,170594638,2,821,57,0.2733900219453693
7908,170593789,170593817,170594655,2,837,75,0.8682625910559947
7909,170593789,170593817,170594652,2,835,61,0.2700855404966681
7910,170593789,170593817,170594626,2,808,70,0.7884209322070675
7911,170593789,170593817,170594653,2,835,57,0.6252837307598796
7912,170593789,170593823,170594645,2,822,85,0.41680575582930024
7913,170593789,170593834,170594651,2,816,58,0.5548030646483407
7914,170593789,170593839,170594680,2,840,70,0.3603347102011456
7915,170593789,170593841,170594669,2,828,58,0.7588650303156611
7916,170593789,170593841,170594687,2,845,62,0.17994168489415108
7917,170593789,170593841,170594680,2,839,58,0.81788963430207
7918,170593790,170593841,170594678,2,836,57,0.11339622785183412
7919,170593790,170593849,170595291,2,1442,490,0.848517173401767
7920,170593790,170593877,170594725,2,848,93,0.8444166740343821
7921,170593790,170593877,170594734,2,857,60,0.5705105606674721
7922,170593790,170593877,170594724,2,846,59,0.8731102030508099
7923,170593790,170593877,170594723,2,846,57,0.7926353926836761
7924,170593790,170593877,170594733,2,856,64,0.8569822464698825
7925,170593790,170593877,170594969,2,1092,58,0.4351188982292822
7926,170593790,170593877,170594709,2,831,57,0.4497408149871599
7927,170593790,170593877,170594709,2,831,59,0.1441267673862474
7928,170593790,170593877,170594702,2,824,56,0.6211854052897777
7929,170593790,170593877,170594682,2,805,56,0.6944387228334886
7930,170593790,170593877,170594702,2,824,57,0.8388510829796585
7931,170593790,170593877,170594701,2,824,57,0.3942539934253102
7932,170593790,170593877,170594713,2,835,57,0.2560201026100457
7933,170593790,170593877,170594725,2,847,58,0.3938748005325835
7934,170593790,170593879,170594719,2,840,72,0.901698285844451
7935,170593790,170593882,170594731,2,848,60,0.43684046316980907
7936,170593790,170593884,170594720,2,836,54,0.5619957576192459
7937,170593790,170593885,170594742,2,857,58,0.3305910181943118
7938,170593790,170593889,170594718,2,829,71,0.3838866978953288
7939,170593791,170593969,170594824,2,855,56,0.7769680890996215
7940,170593791,170593969,170594817,2,848,56,0.014625085513090386
7941,170593791,170593969,170594821,2,852,57,0.9617543769240997
7942,170593791,170593970,170594818,2,848,76,0.610148630387382
7943,170593791,170594093,170594926,2,833,90,0.9712385143984228
7944,170593791,170594093,170594943,2,850,90,0.27599246471166294
7945,170593791,170594093,170594927,2,834,91,0.46561007146021405
7946,170593791,170594093,170594678,2,585,92,0.2178934835954448
7947,170593791,170594093,170594924,2,831,90,0.38449823969184826
7948,170593791,170594093,170594939,2,846,90,0.2695491551526933
7949,170593791,170594093,170594926,2,833,91,0.520708159889944
7950,170593791,170594093,170594939,2,846,91,0.05153651797758918
7951,170593791,170594093,170594943,2,850,91,0.5724285930548485
7952,170593791,170594093,170594943,2,850,89,0.2990815330559452
7953,170593791,170594093,170594920,2,827,89,0.9186311529260244
7954,170593791,170594093,170594920,2,827,88,0.28357777175246346
7955,170593791,170594093,170594922,2,829,77,0.40529902287944597
7956,170593791,170594114,170594946,2,832,59,0.4210202012081944
7957,170593791,170594189,170595018,2,828,56,0.7998018606056342
7958,170593791,170594192,170595022,2,829,71,0.43966499987932195
7959,170593791,170594207,170594724,2,517,70,0.18075578272042214
7960,170593791,170594243,170595079,2,836,77,0.41098313284429566
7961,170593791,170594244,170595102,2,857,60,0.4030203055700746
7962,170593791,170594265,170595113,2,847,57,0.53251466133523
7963,170593792,170594265,170595104,2,838,57,0.6510948667304928
7964,170593792,170594265,170595115,2,850,57,0.3102189923592018
7965,170593792,170594265,170595089,2,823,58,0.8803775304514678
7966,170593792,170594267,170595095,2,828,64,0.8238256215742148
7967,170593792,170594279,170595123,2,844,71,0.19129331347296696
7968,170593792,170594279,170595130,2,850,57,0.8324078427314691
7969,170593792,170594285,170595129,2,844,71,0.3950756208285353
7970,170593792,170594293,170595146,2,853,71,0.3312111788845058
7971,170593792,170594305,170595155,2,849,57,0.03903645048929871
7972,170593792,170594305,170594311,2,5,26,0.3938862380127922
7973,170593792,170594330,170595171,2,841,57,0.5128607006261731
7974,170593792,170594404,170595236,2,832,70,0.10423002149932936
7975,170593792,170594411,170595236,2,824,60,0.25094246228483186
7976,170593792,170594411,170595249,2,837,70,0.44440532216940554
7977,170593792,170594411,170595254,2,842,71,0.8882870997299956
7978,170593792,170594411,170595254,2,842,71,0.16367498787044188
7979,170593792,170594411,170595263,2,851,70,0.8457891015103253
7980,170593792,170594411,170595246,2,834,71,0.05386186008697014
7981,170593792,170594411,170595263,2,851,72,0.8294656783725363
7982,170593792,170594411,170595245,2,833,71,0.5832698684914578
7983,170593792,170594411,170595254,2,842,155,0.6209336991074899
7984,170593792,170594411,170595239,2,827,71,0.3794061477270565
7985,170593793,170594411,170595245,2,833,73,0.6457475287933652
7986,170593793,170594411,170595245,2,833,70,0.4101395160424197
7987,170593793,170594433,170595269,2,836,58,0.5076151968062267
7988,170593793,170594474,170595323,2,849,57,0.6244696016301454
7989,170593793,170594478,170595300,2,821,57,0.33058020237735963
7990,170593793,170594478,170595300,2,822,62,0.2292842881323618
7991,170593793,170594478,170595309,2,831,59,0.4652958058912593
7992,170593793,170594478,170595321,2,842,62,0.22693962384851418
7993,170593793,170594478,170595295,2,817,58,0.972001588138797
7994,170593793,170594478,170595309,2,831,61,0.9283608466707535
7995,170593793,170594478,170595301,2,822,56,0.9840781011219957
7996,170593793,170593794,170593828,1,33,120,0.6128220497269892
7997,170593793,170594478,170595310,2,831,57,0.593987289081246
7998,170593793,170594478,170595304,2,825,72,0.6471727738208306
7999,170593793,170594478,170595331,2,852,58,0.6376844774053139
8000,170593793,170594478,170595331,2,852,58,0.6999840973246578
8001,170593793,170594478,170595312,2,833,58,0.05240341448897401
8002,170593793,170594478,170595331,2,852,76,0.18710913633220594
8003,170593793,170594478,170595321,2,842,61,0.3493285398055528
8004,170593793,170594483,170595320,2,836,57,0.25851347522762846
8005,170593793,170594487,170595312,2,824,61,0.5931084227312873
8006,170593793,170594487,170595320,2,833,61,0.32535538053694424
8007,170593793,170594487,170595329,2,841,57,0.8982278237953556
8008,170593793,170594487,170595318,2,830,82,0.8047859135027836
8009,170593793,170594564,170595399,2,835,55,0.4815968441377094
8010,170593794,170594574,170595416,2,841,70,0.9434484369196585
8011,170593794,170594574,170595407,2,832,58,0.5764887853636742
8012,170593794,170594574,170595536,2,961,64,0.8236530269967943
8013,170593794,170594574,170595416,2,841,60,0.5149502061054569
8014,170593794,170594574,170595416,2,841,58,0.2759850252402257
8015,170593794,170594574,170595416,2,841,59,0.6774916842738355
8016,170593794,170594574,170595424,2,849,57,0.7292843534952625
8017,170593794,170594574,170595415,2,840,57,0.011929731484097261
8018,170593794,170594590,170595469,2,878,76,0.705558236385402
8019,170593794,170594595,170595432,2,837,71,0.9961669178366922
8020,170593794,170594605,170595440,2,835,153,0.24270236482797003
8021,170593794,170594605,170595440,2,835,152,0.44668557030709
8022,170593794,170594628,170595464,2,836,70,0.9301529814829056
8023,170593794,170594639,170595493,2,853,56,0.324535606164815
8024,170593794,170594640,170595502,2,861,59,0.5454324701236154
8025,170593794,170594640,170595472,2,832,59,0.9964219941303104
8026,170593794,170594647,170595502,2,854,57,0.7514711349633904
8027,170593794,170594647,170595480,2,833,77,0.5353779057147796
8028,170593794,170594649,170595481,2,831,59,0.9570204728061582
8029,170593794,170594654,170595488,2,834,59,0.7590840978279169
8030,170593794,170594654,170595497,2,843,60,0.39840643596461
8031,170593795,170594654,170595488,2,834,61,0.567623719008906
8032,170593795,170594656,170595501,2,845,57,0.560149449272985
8033,170593795,170594657,170595497,2,839,74,0.22328115909318824
8034,170593795,170594658,170595510,2,851,57,0.5913850085124835
8035,170593795,170594663,170595510,2,846,59,0.5682271681861883
8036,170593795,170594663,170595510,2,846,74,0.8934040717776431
8037,170593795,170594667,170595508,2,840,58,0.4797799257389488
8038,170593795,170594668,170595508,2,839,57,0.966079505247861
8039,170593795,170594671,170595518,2,847,59,0.24056674292123026
8040,170593795,170594681,170594687,2,5,35,0.4887360789189604
8041,170593795,170594681,170595526,2,844,76,0.9453193704550538
8042,170593795,170594681,170595536,2,854,76,0.03491329813931976
8043,170593795,170594681,170595535,2,853,94,0.4664754750949771
8044,170593795,170594681,170595544,2,862,80,0.7461544737017743
8045,170593795,170594681,170595605,2,923,76,0.6384546702825025
8046,170593795,170594681,170595535,2,853,80,0.554309353971662
8047,170593795,170594681,170595526,2,844,76,0.8123357724869874
8048,170593795,170594686,170595524,2,837,67,0.6769027950454828
8049,170593795,170594691,170595551,2,860,58,0.5060681578231926
8050,170593795,170594687,170595553,2,865,61,0.7761688079677709
8051,170593795,170594702,170595540,2,838,58,0.5831678582596025
8052,170593795,170594687,170595628,2,940,70,0.276789377516672
8053,170593795,170594702,170595540,2,838,57,0.2713194984071773
8054,170593796,170594703,170595570,2,867,57,0.8772232490671279
8055,170593796,170594711,170595560,2,849,56,0.4161861779866829
8056,170593796,170594711,170595568,2,857,57,0.21712025947105662
8057,170593796,170594715,170595559,2,843,59,0.7392368944976148
8058,170593796,170594720,170595567,2,847,72,0.5736946288381243
8059,170593796,170594723,170595557,2,834,72,0.5308854444934142
8060,170593796,170594723,170595565,2,842,55,0.01400655212747759
8061,170593796,170594725,170594839,2,113,58,0.9679085177933364
8062,170593796,170594725,170595576,2,850,58,0.6011127386804453
8063,170593796,170594725,170595565,2,839,491,0.9518456464303091
8064,170593796,170594725,170595568,2,842,69,0.3514691028649204
8065,170593796,170594726,170595577,2,850,59,0.15006109477834595
8066,170593796,170594732,170595576,2,843,92,0.7629955967095309
8067,170593796,170594735,170595584,2,848,64,0.6143527774218934
8068,170593796,170594736,170595573,2,836,61,0.7501572172332941
8069,170593796,170594743,170595581,2,837,62,0.4858060935588423
8070,170593796,170594819,170595657,2,838,57,0.6417092575056872
8071,170593796,170594820,170595662,2,842,58,0.06098193813908048
8072,170593796,170594823,170595663,2,840,57,0.8131605888532422
8073,170593797,170594825,170595676,2,850,82,0.4828662871128734
8074,170593797,170594841,170595497,2,656,59,0.8023301327693252
8075,170593797,170594922,170595779,2,856,71,0.16907285477113854
8076,170593797,170594922,170595767,2,845,71,0.5613677003551779
8077,170593797,170594934,170595782,2,847,72,0.9692168115890212
8078,170593797,170594934,170595795,2,860,71,0.8884680070969436
8079,170593797,170594934,170595783,2,848,72,0.5090108709031728
8080,170593797,170594934,170595796,2,861,72,0.8747648975738607
8081,170593797,170594934,170595796,2,861,71,0.7555944392007222
8082,170593797,170594947,170595784,2,837,71,0.7123410776478619
8083,170593797,170594947,170595785,2,838,72,0.5592341290518495
8084,170593797,170594947,170595803,2,856,58,0.5663148831773285
8085,170593797,170594947,170595815,2,868,72,0.6628881211414258
8086,170593797,170594947,170595813,2,866,71,0.5550212598380719
8087,170593797,170594947,170595803,2,856,72,0.7897149575776543
8088,170593797,170594971,170595810,2,838,81,0.6441512616619202
8089,170593797,170595021,170595859,2,838,59,0.90910284154441
8090,170593797,170595034,170595960,2,926,58,0.8109254667506073
8091,170593797,170595095,170595930,2,834,78,0.3658818587713003
8092,170593797,170595083,170596042,2,959,60,0.42980860926607967
8093,170593797,170595107,170596066,2,958,59,0.2829392652925167
8094,170593797,170595107,170595937,2,829,59,0.939329657370971
8095,170593798,170595107,170596201,2,1093,59,0.733936683953083
8096,170593798,170595120,170595952,2,831,57,0.17305569768100415
8097,170593798,170595120,170595955,2,834,69,0.015431210827861253
8098,170593798,170595132,170595982,2,849,70,0.6077501859759756
8099,170593798,170595132,170595973,2,841,58,0.40096417213143876
8100,170593798,170595132,170595982,2,849,56,0.7391610348278506
8101,170593798,170595157,170596001,2,844,59,0.24994837710328777
8102,170593798,170595157,170596005,2,848,57,0.2689013412187823
8103,170593798,170595181,170596015,2,834,123,0.46048150554417466
8104,170593798,170595243,170596080,2,837,70,0.6455147999316835
8105,170593798,170595243,170596092,2,849,62,0.8649257626721952
8106,170593798,170595243,170596086,2,842,71,0.3869315451014882
8107,170593798,170595256,170596238,2,982,60,0.6131245915039228
8108,170593798,170595256,170596107,2,851,57,0.7788958537216286
8109,170593798,170595256,170596120,2,864,58,0.012177551893659766
8110,170593798,170595256,170596083,2,827,56,0.06452050601329418
8111,170593798,170595256,170596096,2,840,57,0.03646485827700585
8112,170593798,170595256,170596084,2,828,57,0.24263242212973768
8113,170593798,170595256,170596083,2,827,61,0.353539190845389
8114,170593798,170595256,170596084,2,828,57,0.5507631242243182
8115,170593798,170595268,170596318,2,1049,60,0.8962286566393314
8116,170593798,170595268,170596127,2,859,73,0.056580423515774525
8117,170593798,170595280,170596127,2,847,57,0.522991490799324
8118,170593798,170595297,170596164,2,866,58,0.18830839966114743
8119,170593799,170595297,170596148,2,850,57,0.10039091078870377
8120,170593799,170595302,170596156,2,854,97,0.9499670031908175
8121,170593799,170595302,170596148,2,846,76,0.43551150085374635
8122,170593799,170595302,170596148,2,846,81,0.47013529188187875
8123,170593799,170595304,170596148,2,843,60,0.5647049019165223
8124,170593799,170595311,170596148,2,837,57,0.12921277007006815
8125,170593799,170595311,170596148,2,836,72,0.8451314199933837
8126,170593799,170595311,170596174,2,863,60,0.803397306911154
8127,170593799,170595313,170596175,2,861,60,0.7524825645532457
8128,170593799,170595313,170596175,2,861,59,0.7150469321800612
8129,170593799,170595318,170596164,2,845,57,0.06586443443963719
8130,170593799,170595322,170596174,2,851,61,0.33179482396135185
8131,170593799,170595322,170596172,2,850,82,0.44342659289018893
8132,170593799,170595322,170596190,2,867,58,0.44104732684854153
8133,170593799,170595322,170596164,2,841,61,0.8095450588922153
8134,170593799,170595324,170596159,2,835,58,0.3087616174565181
8135,170593799,170595331,170596300,2,968,58,0.789060908808107
8136,170593799,170595331,170596173,2,841,56,0.9806533627872854
8137,170593800,170595332,170596172,2,839,57,0.2229617967959001
8138,170593800,170595333,170596189,2,855,58,0.5799490096829898
8139,170593800,170595400,170596222,2,821,57,0.404252908625393
8140,170593800,170595408,170596219,2,811,58,0.8721331348775395
8141,170593800,170595416,170596245,2,828,58,0.8339078222098179
8142,170593800,170595416,170596264,2,847,58,0.1550062371146267
8143,170593800,170595416,170596246,2,829,58,0.48953231560941246
8144,170593800,170595416,170596418,2,1001,57,0.2906559763259221
8145,170593800,170595416,170596255,2,838,80,0.8037566186891903
8146,170593800,170595426,170596253,2,827,60,0.5985767959804711
8147,170593800,170595433,170596860,2,1427,79,0.9258541398450993
8148,170593800,170595441,170596288,2,847,57,0.9625754500228123
8149,170593800,170595441,170596289,2,848,71,0.18769262637828055
8150,170593800,170595469,170596311,2,842,71,0.6794188184374779
8151,170593801,170595465,170596303,2,837,75,0.08928185058331506
8152,170593801,170595474,170596302,2,827,66,0.012898533015950009
8153,170593801,170595482,170596302,2,819,58,0.6918795129255055
8154,170593801,170595482,170596331,2,848,77,0.1596026720292999
8155,170593801,170595490,170596331,2,841,58,0.5799614416318591
8156,170593801,170595496,170596337,2,841,57,0.4285558240308329
8157,170593801,170595489,170596340,2,850,76,0.7648498855163448
8158,170593801,170595498,170596336,2,837,56,0.08162719200557722
8159,170593801,170595499,170596321,2,822,74,0.5662779106392761
8160,170593801,170595499,170596336,2,836,61,0.7151106246832922
8161,170593801,170595503,170596334,2,831,57,0.32939006921687985
8162,170593801,170595503,170596337,2,833,58,0.9863516084147815
8163,170593801,170595508,170596346,2,837,57,0.6234914878689475
8164,170593801,170595508,170596356,2,847,72,0.6487599092802153
8165,170593801,170595511,170596335,2,823,58,0.6008869696470137
8166,170593801,170595502,170596356,2,854,59,0.6546082685865068
8167,170593801,170595511,170596328,2,817,58,0.274733827729153
8168,170593801,170595513,170596356,2,843,58,0.48101801047104753
8169,170593801,170595519,170596375,2,855,58,0.5878924521019484
8170,170593801,170595526,170596383,2,857,67,0.37477455491909617
8171,170593801,170595527,170596371,2,844,59,0.6048928918601923
8172,170593801,170595537,170596369,2,832,60,0.5506684988156328
8173,170593801,170595527,170596352,2,825,74,0.37528491006260434
8174,170593801,170595537,170596357,2,820,57,0.5343086316272032
8175,170593801,170595537,170596357,2,820,78,0.21312720219594739
8176,170593801,170595537,170596357,2,819,64,0.7241815450425042
8177,170593802,170595542,170596375,2,832,57,0.4318347946587442
8178,170593802,170595542,170596388,2,845,64,0.093756058989092
8179,170593802,170595546,170596375,2,829,63,0.18459568786961889
8180,170593802,170595552,170596374,2,822,59,0.4464184659900501
8181,170593802,170595554,170596385,2,830,57,0.5640706262537729
8182,170593802,170595558,170596405,2,847,60,0.7174986255906863
8183,170593802,170595559,170596385,2,825,58,0.2318760196491163
8184,170593802,170595561,170596377,2,815,58,0.10075524485303256
8185,170593802,170595566,170596401,2,835,57,0.517680719222013
8186,170593802,170595566,170596401,2,834,75,0.8702535969294314
8187,170593802,170595568,170596399,2,830,58,0.42263774975513235
8188,170593802,170595568,170596402,2,833,56,0.019560665560264145
8189,170593802,170595569,170596390,2,820,71,0.4673292565426088
8190,170593802,170595571,170596411,2,840,58,0.9233369778573592
8191,170593802,170595573,170596382,2,808,57,0.45996668293979137
8192,170593802,170595577,170596391,2,813,93,0.7248397999836124
8193,170593802,170595577,170596408,2,830,60,0.685739090816156
8194,170593802,170595577,170596400,2,822,58,0.8823635962922269
8195,170593802,170595582,170596406,2,824,58,0.9163221655587387
8196,170593802,170595585,170596429,2,844,62,0.8065135250455788
8197,170593802,170595607,170596443,2,835,61,0.7933784549670939
8198,170593802,170595630,170596459,2,829,71,0.2372271474911286
8199,170593802,170595659,170596507,2,848,57,0.38884398632869643
8200,170593802,170595664,170596490,2,826,59,0.5190825445769218
8201,170593802,170595665,170596515,2,850,57,0.2679943477126079
8202,170593803,170595677,170596503,2,825,83,0.706119191203493
8203,170593803,170595770,170596611,2,841,71,0.579685706060902
8204,170593803,170595780,170596611,2,831,72,0.8140484383836106
8205,170593803,170595783,170596611,2,828,72,0.5464597429090613
8206,170593803,170595784,170596604,2,820,72,0.5009384006673114
8207,170593803,170595785,170596611,2,826,73,0.29055464349538895
8208,170593803,170595787,170596611,2,824,72,0.8013227215382906
8209,170593803,170595797,170596628,2,830,56,0.03016268086515317
8210,170593803,170595797,170596627,2,830,57,0.7715905778902785
8211,170593803,170595797,170596636,2,839,73,0.47480785708855666
8212,170593803,170595804,170596637,2,833,71,0.8071734992952887
8213,170593803,170595804,170596644,2,840,71,0.6240376000366232
8214,170593803,170595811,170596644,2,833,72,0.9167352735979977
8215,170593803,170595816,170596662,2,845,81,0.1850098762215795
8216,170593803,170595816,170596644,2,827,159,0.8762655345576819
8217,170593803,170595860,170596705,2,845,58,0.29638286903732947
8218,170593803,170595932,170596783,2,851,77,0.8886640907654331
8219,170593803,170595938,170596775,2,836,60,0.45386179083334444
8220,170593803,170595953,170596783,2,830,58,0.45911348178772926
8221,170593803,170595957,170596783,2,826,68,0.30289638711638633
8222,170593803,170595963,170596791,2,827,58,0.6836220461977348
8223,170593803,170595975,170596816,2,840,58,0.343250795050411
8224,170593803,170595983,170596798,2,814,70,0.14308848723060108
8225,170593804,170595983,170596798,2,814,57,0.24265550099417987
8226,170593804,170596003,170596814,2,810,59,0.9636387395095162
8227,170593804,170596007,170596832,2,824,58,0.15228367439945523
8228,170593804,170596019,170596848,2,829,58,0.3191071918713634
8229,170593804,170596044,170596880,2,836,61,0.2689753655812499
8230,170593804,170596068,170596896,2,828,60,0.6912788297885792
8231,170593804,170596081,170596914,2,832,72,0.4481348191517581
8232,170593804,170596085,170596912,2,827,60,0.9743236325047581
8233,170593804,170596085,170596913,2,827,57,0.8922421330019318
8234,170593804,170593817,170593873,1,55,20,0.3750008133931523
8235,170593804,170596085,170596913,2,827,58,0.0421191206207463
8236,170593804,170596087,170596931,2,843,71,0.7192919634127005
8237,170593804,170596094,170596940,2,846,62,0.4788106041553153
8238,170593804,170596086,170596924,2,838,58,0.28468651223477204
8239,170593804,170596097,170596941,2,843,57,0.16531225857505438
8240,170593804,170596109,170596947,2,838,57,0.35677400463395936
8241,170593804,170596121,170596946,2,824,57,0.5983012506820997
8242,170593804,170596129,170596964,2,835,58,0.26445261346293747
8243,170593804,170596129,170596964,2,835,73,0.44973623247415384
8244,170593804,170596149,170596987,2,838,57,0.4405422470275052
8245,170593804,170596149,170597007,2,858,57,0.02012038398674698
8246,170593804,170596149,170596968,2,819,60,0.5839976268221773
8247,170593804,170596149,170596979,2,829,72,0.8065203879277736
8248,170593804,170596150,170596978,2,828,57,0.20862108748980945
8249,170593805,170596155,170596989,2,834,58,0.04888076839674327
8250,170593805,170596158,170596997,2,839,79,0.6130464950124759
8251,170593805,170596162,170596998,2,836,57,0.49126457372908994
8252,170593805,170596166,170596993,2,827,61,0.6997323967302259
8253,170593805,170596166,170596998,2,831,59,0.2971955455795663
8254,170593805,170596166,170596997,2,830,57,0.10021356250812219
8255,170593805,170596174,170597002,2,828,57,0.4277725148142236
8256,170593805,170596175,170597002,2,826,81,0.6194834735887632
8257,170593805,170596175,170597002,2,826,56,0.5948341949642648
8258,170593805,170596176,170597003,2,827,62,0.4228893322236038
8259,170593805,170596176,170597027,2,851,60,0.7622352645594693
8260,170593805,170596176,170597002,2,825,59,0.7177564949804103
8261,170593805,170596177,170597004,2,826,58,0.22649294818947596
8262,170593805,170596192,170597018,2,826,58,0.0824768494086443
8263,170593805,170596192,170597021,2,829,58,0.7847591211199376
8264,170593805,170596203,170597040,2,837,59,0.09061347902648054
8265,170593805,170596223,170597051,2,827,78,0.9244308764338869
8266,170593805,170596238,170597082,2,843,58,0.9422180879886195
8267,170593805,170596246,170597076,2,830,59,0.05024486914255333
8268,170593805,170596247,170597075,2,828,58,0.4167647667331682
8269,170593805,170596220,170597051,2,831,79,0.42782976006765583
8270,170593805,170596254,170597083,2,828,89,0.8131578701907742
8271,170593805,170596255,170597083,2,827,60,0.03978276615244691
8272,170593805,170596265,170597106,2,840,57,0.683293049307532
8273,170593806,170596288,170597116,2,827,78,0.5747116199949579
8274,170593806,170596290,170597118,2,828,57,0.5456076716362614
8275,170593806,170596301,170597133,2,831,71,0.20662568942963544
8276,170593806,170596302,170597135,2,832,78,0.30314274061124125
8277,170593806,170596302,170597149,2,846,58,0.7106405774546557
8278,170593806,170596303,170597133,2,829,70,0.42331804860698463
8279,170593806,170596313,170597149,2,835,67,0.2637400355490146
8280,170593806,170596318,170597142,2,823,71,0.9102092406805906
8281,170593806,170596322,170597176,2,853,75,0.8323990656440489
8282,170593806,170596328,170597224,2,895,60,0.7559351304665558
8283,170593806,170596331,170597334,2,1002,74,0.6380767255442832
8284,170593806,170596332,170597157,2,825,80,0.601921952768516
8285,170593806,170596337,170597182,2,845,59,0.46787214126702237
8286,170593806,170596337,170597155,2,818,57,0.3559225940945495
8287,170593806,170596337,170597322,2,985,76,0.08889471687486084
8288,170593806,170596337,170597164,2,827,58,0.07332090849717565
8289,170593806,170596338,170597166,2,827,61,0.48810231046134933
8290,170593806,170596338,170597169,2,830,145,0.6104046642469148
8291,170593806,170596340,170597166,2,826,57,0.7615306749213262
8292,170593806,170596347,170597174,2,827,77,0.8968657513015732
8293,170593806,170596357,170597182,2,824,73,0.8507479527182402
8294,170593807,170596353,170597182,2,829,58,0.7784406983233059
8295,170593807,170596357,170597194,2,836,57,0.8831513188919976
8296,170593807,170596358,170597206,2,848,56,0.0530530338724966
8297,170593807,170596358,170597214,2,856,58,0.5574410171037743
8298,170593807,170596358,170597206,2,848,56,0.050561705067524
8299,170593807,170596358,170597182,2,823,57,0.726957284445267
8300,170593807,170596370,170597330,2,959,57,0.2990345290779216
8301,170593807,170596372,170597206,2,834,62,0.727530200673621
8302,170593807,170596376,170597214,2,838,58,0.21201132404375156
8303,170593807,170596376,170597214,2,838,58,0.09016481441459734
8304,170593807,170596376,170597240,2,864,58,0.19500559760124658
8305,170593807,170596376,170597231,2,855,61,0.750490701570491
8306,170593808,170593871,170593874,1,3,138,0.7217085731622357
8307,170593815,170593823,170593856,1,32,18,0.7069913294356244
8308,170593821,170594208,170594217,1,8,19,0.05368451815384301
8309,170593824,170593829,170594001,1,172,266,0.33157832430664225
8310,170593827,170593829,170593842,1,13,43,0.37370812988169144
8311,170593828,170593829,170593832,1,3,30,0.9266997224199298
8312,170593828,170593829,170593833,1,3,41,0.15858530332144638
8313,170593845,170593858,170593861,1,2,18,0.8118827654655868
8314,170593856,170593877,170593881,1,3,20,0.11477925080594542
8315,170593858,170593875,170593883,1,7,17,0.9759925971244676
8316,170593861,170593862,170593891,1,29,83,0.043698691778552456
8317,170593869,170593877,170594204,1,327,27,0.0539724434694252
8318,170593873,170594681,170594794,1,112,90,0.3216056571853446
8319,170593875,170593877,170593881,1,4,19,0.6648935332940941
8320,170593890,170593890,170593893,1,3,15,0.9291512159038625
8321,170593899,170593899,170594397,1,498,34,0.7458530878363132
8322,170593901,170593951,170594430,1,479,35,0.8934163269599227
8323,170593909,170594220,170602856,1,8635,99,0.4414845096143162
8324,170593909,170594220,170602856,1,8635,97,0.947610058160899
8325,170593939,170593941,170593969,1,28,83,0.581121448125835
8326,170593944,170593964,170594465,1,500,25,0.7909135871210086
8327,170593962,170593969,170594472,1,503,21,0.43889563280021426
8328,170593973,170598226,170598589,16,363,53,0.500328559949857
8329,170593973,170598999,170599363,16,364,54,0.21339380134281005
8330,170593973,170600111,170600474,16,362,55,0.16981178068475078
8331,170593973,170603097,170603461,16,364,50,0.8787902353147125
8332,170593973,170605999,170606363,16,363,56,0.22637424883913726
8333,170593973,170596232,170596594,4,362,29,0.38800519772770026
8334,170593973,170596620,170596984,4,364,43,0.5030364387488812
8335,170593973,170597019,170597383,4,363,34,0.963339155063462
8336,170593973,170597620,170597983,4,363,54,0.61654939897703
8337,170593973,170598129,170598493,4,363,54,0.8284144639814152
8338,170593973,170598515,170598877,4,362,29,0.581280871145078
8339,170593973,170598999,170599363,4,364,30,0.3830141705123633
8340,170593973,170596995,170597359,8,364,60,0.46507793012530985
8341,170593973,170597434,170597797,8,363,42,0.3064868871551242
8342,170593973,170597997,170598361,8,364,44,0.1764189917936172
8343,170593973,170598370,170598733,8,362,31,0.45295256004614337
8344,170593973,170598999,170599363,8,364,51,0.1082709023759757
8345,170593973,170600159,170600522,8,362,75,0.13549241189016936
8346,170593988,170594055,170594178,2,122,22,0.2314025392549952
8347,170593990,170594085,170594091,1,6,31,0.08318925147615808
8348,170593992,170594093,170594594,1,501,100,0.265715452243094
8349,170594010,170594010,170594709,1,699,47,0.7140334066976287
8350,170594019,170594019,170594028,1,8,49,0.30505406216048137
8351,170594030,170594093,170602737,1,8644,182,0.4351661032397177
8352,170594030,170594093,170601409,1,7316,181,0.4075240491204706
8353,170594030,170594093,170600259,1,6166,194,0.8677773808333301
8354,170594032,170594067,170594787,1,719,179,0.5634493014864356
8355,170594045,170594093,170594096,1,3,21,0.5046349626736198
8356,170594053,170594093,170594591,1,498,78,0.8713649508183064
8357,170594057,170594681,170594710,1,28,72,0.2000438201942143
8358,170594066,170594093,170594593,1,500,90,0.8440387148618325
8359,170594072,170594078,170594202,1,123,221,0.9036762883335439
8360,170594120,170594133,170594218,1,84,154,0.5409350666276517
8361,170594134,170594182,170594901,1,719,20,0.5583440138236377
8362,170594140,170594144,170595045,1,900,26,0.43599972535553577
8363,170594142,170594144,170595045,1,900,25,0.5355753174681582
8364,170594164,170594186,170594891,1,704,20,0.8328400042891897
8365,170594177,170594179,170594187,1,7,32,0.1893961692037346
8366,170594197,170594198,170594227,1,29,16,0.9011013659394228
8367,170594199,170594204,170594243,1,39,35,0.36006088649785895
8368,170594199,170594245,170594285,1,40,26,0.2600599730697263
8369,170594199,170594286,170594324,1,37,26,0.3967249037243904
8370,170594200,170594200,170594206,1,5,19,0.49707260183563273
8371,170594206,170594207,170594243,1,36,191,0.5883359130063337
8372,170594212,170594212,170594243,1,30,23,0.6385678147722599
8373,170594226,170594226,170595738,1,1511,70,0.8920454000900071
8374,170594232,170594233,170594412,1,179,44,0.6671651929140697
8375,170594246,170594247,170594254,1,7,17,0.6634756035860746
8376,170594249,170594361,170595004,1,643,38,0.8882359995663865
8377,170594258,170594261,170595613,1,1351,46,0.6488648504451892
8378,170594283,170594283,170594287,1,4,31,0.1237263998206457
8379,170594289,170594411,170594486,8,74,55,0.6416347847072855
8380,170594328,170594330,170594359,1,28,119,0.33934420022669853
8381,170594347,170594354,170594433,1,79,83,0.9741918306949756
8382,170594348,170594478,170595379,1,900,24,0.8358890044478325
8383,170594349,170594368,170594375,1,7,18,0.03829119558432248
8384,170594357,170594478,170595378,1,899,24,0.2143115649138171
8385,170594368,170594383,170594505,2,122,23,0.50384094400245
8386,170594380,170594681,170595406,1,725,76,0.8641509834197959
8387,170594383,170594404,170594949,1,545,22,0.25896719805267254
8388,170594390,170594390,170594421,1,30,49,0.8786771464289455
8389,170594395,170594681,170595406,1,725,26,0.8701616136105439
8390,170594402,170594404,170594411,1,6,17,0.267076136007559
8391,170594408,170594451,170594634,1,182,41,0.6424390629782722
8392,170594413,170594414,170594880,1,466,134,0.2526584984750013
8393,170594420,170594424,170594714,1,289,49,0.5983228387176226
8394,170594426,170594428,170594432,1,3,20,0.7864648436792754
8395,170594426,170594681,170594689,1,8,75,0.8988475821359264
8396,170594436,170594436,170594586,1,149,85,0.5946380844837676
8397,170594457,170594640,170594753,1,113,36,0.2985227666935456
8398,170594461,170594464,170594477,1,13,177,0.6061264486054652
8399,170594462,170594681,170595584,1,902,25,0.18567607988650225
8400,170594465,170594478,170594979,1,501,22,0.6294194599496791
8401,170594465,170594649,170594701,1,52,67,0.7133017096972062
8402,170594468,170594681,170594685,1,3,75,0.4062798972162427
8403,170594468,170594681,170594685,1,3,87,0.2738697903171564
8404,170594468,170594681,170594685,1,3,75,0.8113390925489623
8405,170594472,170594681,170595183,1,501,74,0.021254492688264293
8406,170594496,170594514,170594516,1,2,23,0.20244785136353627
8407,170594498,170594700,170594945,2,245,102,0.05393549724465829
8408,170594502,170594701,170594947,2,246,87,0.2501699358537901
8409,170594506,170594574,170594810,16,236,74,0.011707068044771507
8410,170594508,170594518,170594560,1,41,490,0.7608772299884075
8411,170594508,170594514,170594881,1,366,22,0.3287953730624783
8412,170594524,170594526,170594555,1,28,52,0.2034514115316104
8413,170594530,170594537,170594811,1,274,35,0.8951549076946098
8414,170594536,170594688,170594741,4,52,61,0.9600762131520316
8415,170594547,170594547,170594552,1,4,32,0.6734575151479828
8416,170594548,170594702,170595426,1,723,214,0.09629705600827787
8417,170594550,170594766,170595490,1,723,220,0.05130463465011037
8418,170594557,170594635,170594646,1,10,30,0.3799816199410818
8419,170594568,170594570,170594603,1,32,123,0.48449746303344754
8420,170594575,170594712,170595045,1,332,95,0.8512391893051211
8421,170594577,170594588,170594630,1,42,490,0.5007062001307505
8422,170594578,170594633,170594638,1,5,30,0.43700526110485316
8423,170594583,170594681,170594688,1,7,19,0.7583997970983457
8424,170594583,170594689,170594698,2,8,35,0.8210415897165682
8425,170594591,170594681,170595183,1,501,89,0.29076162164624564
8426,170594593,170594681,170595183,1,501,89,0.27829360775106105
8427,170594594,170594681,170595181,1,499,73,0.6945019159125871
8428,170594597,170594681,170598851,1,4170,92,0.5594306736547742
8429,170594598,170594738,170595070,1,331,23,0.7812781434664302
8430,170594598,170594681,170603320,1,8638,76,0.06667773221543272
8431,170594625,170594766,170595096,1,330,33,0.07185449307250358
8432,170594649,170594691,170594700,4,8,59,0.6081349024808335
8433,170594655,170594682,170603321,2,8639,111,0.9758332801815449
8434,170594655,170594682,170603321,2,8639,110,0.7348001563904755
8435,170594662,170594662,170594723,1,61,491,0.7514343255397565
8436,170594667,170594667,170594699,1,32,56,0.4422146197702391
8437,170594668,170594729,170594820,1,90,62,0.56954530765726
8438,170594673,170594704,170603347,1,8643,56,0.37754306837073204
8439,170594702,170594704,170594830,1,126,61,0.3217271896133581
8440,170594708,170594711,170594718,1,7,45,0.5352295770433376
8441,170594708,170594715,170594727,1,11,46,0.6179419646675803
8442,170594714,170594715,170594721,1,6,25,0.9208806002654358
8443,170594716,170594723,170595444,1,721,49,0.786034213845806
8444,170594718,170594729,170594739,1,10,18,0.6208396261007452
8445,170594729,170594729,170594801,1,71,57,0.8115726089112344
8446,170594731,170594732,170594780,1,47,24,0.8783790216994031
8447,170594765,170594775,170596939,1,2163,490,0.09487693033333389
8448,170594768,170594885,170594900,1,14,53,0.1377952686463395
8449,170594798,170594798,170594839,1,40,36,0.4198175227046239
8450,170594799,170594902,170594920,1,17,53,0.4242810868836434
8451,170594800,170594800,170594862,1,62,20,0.9047148183275301
8452,170594800,170594803,170594837,1,34,23,0.1520746560762949
8453,170594808,170594824,170594857,4,33,43,0.2149430413092327
8454,170594813,170594813,170595088,1,274,34,0.4052864666064181
8455,170594824,170594824,170598290,4,3466,157,0.5066699485014303
8456,170594830,170594836,170594863,1,27,144,0.7888583517904686
8457,170594832,170594832,170594848,2,16,20,0.948833851273855
8458,170594834,170594865,170594884,1,19,117,0.18399235611062814
8459,170594836,170594971,170600236,16,5265,114,0.8439909089396483
8460,170594840,170594840,170594939,1,98,26,0.8384768849443837
8461,170594846,170594924,170594947,1,22,37,0.11987478985766575
8462,170594848,170594848,170594882,1,34,36,0.10272267250272915
8463,170594853,170594949,170594971,2,21,27,0.29875195774606655
8464,170594861,170594861,170597073,1,2211,280,0.22618650425131337
8465,170594865,170594873,170596692,1,1819,80,0.4234912977376938
8466,170594869,170594903,170595004,1,101,47,0.3835599772071211
8467,170594881,170594881,170594944,1,62,135,0.2942399760400115
8468,170594882,170594971,170594981,2,10,24,0.5874145432935609
8469,170594891,170594893,170594922,1,29,23,0.44341636800856377
8470,170594899,170594983,170594990,1,6,22,0.5318569934277231
8471,170594915,170594921,170594927,1,5,40,0.10857171362040774
8472,170594925,170594928,170594946,1,17,29,0.4821118912519077
8473,170594935,170594947,170594969,1,22,33,0.6809056745184436
8474,170594945,170594947,170594952,1,5,42,0.5592316841148267
8475,170594947,170594959,170595022,1,62,21,0.454876345295794
8476,170594948,170594959,170595006,1,46,23,0.3152641314040282
8477,170594970,170594972,170594980,1,7,19,0.7788645969938505
8478,170594975,170599724,170600086,4,362,74,0.7180234451723597
8479,170594975,170600734,170601098,8,363,78,0.7772533463396514
8480,170594979,170594981,170595482,1,501,22,0.6272689440807293
8481,170594985,170594985,170595003,2,18,46,0.2581479493714186
8482,170594988,170594988,170595079,1,91,20,0.6388113375475281
8483,170594988,170594990,170595081,1,90,23,0.7658371742397901
8484,170594988,170594991,170595082,1,90,19,0.8949186161865885
8485,170594988,170595009,170595100,1,91,21,0.8907963089827212
8486,170594988,170595009,170595100,1,91,21,0.15605782652869438
8487,170594988,170595009,170595100,1,91,21,0.628867065411402
8488,170594988,170595009,170595100,1,91,21,0.6550093976690091
8489,170594988,170595009,170595100,1,90,19,0.6359240354741834
8490,170594988,170595009,170595100,1,91,21,0.8217352432050273
8491,170594988,170595009,170595100,1,91,21,0.9538891028548879
8492,170594988,170595009,170595100,1,91,19,0.4299228599888312
8493,170594988,170595009,170595100,1,91,20,0.08000569754579678
8494,170594988,170595009,170595100,1,90,20,0.31273045289622603
8495,170594988,170595009,170595100,1,90,22,0.5037573693843249
8496,170594988,170595009,170595100,1,91,22,0.791063995644878
8497,170594988,170595009,170595100,1,90,19,0.17573290855400625
8498,170594988,170595009,170595100,1,91,20,0.4517378930828375
8499,170594988,170595009,170595100,1,91,22,0.01613585548230234
8500,170594988,170595009,170595100,1,90,22,0.6459614850024161
8501,170594988,170595009,170595100,1,90,19,0.6269973629786311
8502,170594988,170595009,170595100,1,91,22,0.8398167476186229
8503,170594988,170595009,170595100,1,90,19,0.5353565205586025
8504,170594988,170595022,170595113,1,91,18,0.17129353899121824
8505,170594988,170595034,170595125,1,90,19,0.07905068029825202
8506,170594988,170595034,170595125,1,90,33,0.22838739053844648
8507,170594988,170595022,170595113,1,90,21,0.27951912405239554
8508,170594988,170595022,170595113,1,91,19,0.4133302908652481
8509,170594988,170595034,170595125,1,90,19,0.9106551938346467
8510,170594989,170595022,170595113,1,91,20,0.22965304746107473
8511,170594989,170595022,170595113,1,91,35,0.7070592911853097
8512,170594989,170595022,170595113,1,91,19,0.6239843472029878
8513,170594989,170595022,170595113,1,91,27,0.5798611766831794
8514,170594989,170595022,170595113,1,90,22,0.9257224379967214
8515,170594989,170595022,170595113,1,90,23,0.5453847780706158
8516,170594989,170595034,170595125,1,90,18,0.13860870738365627
8517,170594989,170595034,170595125,1,90,18,0.6773427400196588
8518,170594989,170595034,170595125,1,90,18,0.06989270420606875
8519,170594989,170595034,170595125,1,90,18,0.92446367179371
8520,170594989,170595034,170595125,1,90,19,0.7166706116588825
8521,170594989,170595034,170595125,1,90,19,0.07647201707235018
8522,170594989,170595034,170595125,1,90,19,0.24722041213031265
8523,170594989,170595034,170595125,1,90,19,0.48534742019136323
8524,170594989,170595034,170595125,1,90,20,0.9208494915503296
8525,170594989,170595058,170595149,1,91,21,0.2990684835752655
8526,170594989,170595058,170595149,1,90,20,0.40863042600994004
8527,170594989,170595046,170595137,1,90,19,0.42695617662946717
8528,170594989,170595046,170595137,1,90,19,0.8344417166600725
8529,170594989,170595046,170595137,1,90,23,0.9429496854562328
8530,170594989,170595046,170595137,1,90,20,0.6744018712604766
8531,170594989,170595046,170595137,1,90,19,0.007910165376893152
8532,170594989,170595046,170595137,1,91,22,0.5417860712033118
8533,170594989,170595046,170595137,1,90,22,0.6201901996052529
8534,170594989,170595046,170595137,1,90,22,0.4418969228518499
8535,170594989,170595046,170595137,1,90,22,0.9689077664444606
8536,170594989,170595046,170595137,1,90,21,0.7871025998405051
8537,170594989,170595058,170595149,1,91,22,0.8954403100652127
8538,170594989,170595058,170595149,1,91,35,0.4842902457815029
8539,170594989,170595058,170595149,1,91,24,0.4990574413576031
8540,170594990,170595058,170595149,1,91,37,0.22438032995651302
8541,170594990,170595058,170595149,1,91,21,0.43939358745811097
8542,170594990,170595058,170595149,1,91,22,0.7080112763345029
8543,170594990,170595058,170595149,1,91,23,0.4934042065059103
8544,170594990,170595058,170595149,1,91,21,0.09892760665714917
8545,170594990,170595058,170595149,1,91,19,0.5932254186569813
8546,170594990,170595058,170595149,1,91,35,0.21971264760899933
8547,170594990,170595071,170595162,1,91,19,0.2725828625652703
8548,170594990,170595083,170595174,1,91,20,0.863880245723136
8549,170594990,170595108,170595198,1,90,23,0.2638933235893973
8550,170594990,170595108,170595199,1,91,21,0.44862988564899087
8551,170594990,170595108,170595198,1,90,21,0.7961158895538621
8552,170594990,170595108,170595198,1,90,19,0.18121718139743814
8553,170594990,170595108,170595198,1,90,19,0.7765038306610522
8554,170594990,170595108,170595198,1,90,20,0.8174660269753327
8555,170594990,170595108,170595198,1,90,22,0.5111295145994439
8556,170594990,170595108,170595198,1,90,22,0.6357337450279231
8557,170594990,170595108,170595198,1,90,19,0.28732589122393615
8558,170594990,170595108,170595198,1,90,20,0.5195323517904745
8559,170594990,170595108,170595198,1,90,22,0.1954357133999287
8560,170594990,170595108,170595198,1,90,22,0.9418529514761596
8561,170594990,170595132,170595224,1,91,44,0.0273330474114023
8562,170594990,170595120,170595211,1,90,24,0.34060672603132414
8563,170594990,170595120,170595211,1,90,20,0.3839237976758416
8564,170594990,170595120,170595211,1,90,20,0.18772097944575183
8565,170594990,170595120,170595211,1,90,21,0.24694548944267503
8566,170594990,170595120,170595211,1,90,18,0.9102190487301874
8567,170594990,170595120,170595211,1,91,20,0.9975224674165555
8568,170594990,170595120,170595211,1,90,20,0.8677072203274555
8569,170594990,170595120,170595211,1,90,20,0.06092271284265549
8570,170594991,170595120,170595211,1,90,20,0.06364805904255588
8571,170594991,170595120,170595211,1,90,19,0.983833842704902
8572,170594991,170595120,170595211,1,90,19,0.682469940893969
8573,170594991,170595132,170595223,1,91,21,0.8966568501653245
8574,170594991,170595132,170595223,1,91,33,0.38683460532656566
8575,170594991,170595132,170595223,1,90,19,0.9197836018952538
8576,170594991,170595132,170595223,1,91,33,0.6889411072003505
8577,170594991,170595132,170595223,1,91,19,0.4871350674561896
8578,170594991,170595132,170595223,1,91,18,0.16202356228285808
8579,170594991,170595132,170595224,1,91,29,0.01950171465800221
8580,170594991,170595132,170595223,1,91,19,0.9622359458828615
8581,170594991,170595132,170595223,1,90,20,0.017134429368290127
8582,170594991,170595132,170595223,1,90,28,0.41172737381385605
8583,170594991,170595132,170595223,1,90,18,0.8196121247227698
8584,170594991,170595145,170595236,1,90,21,0.6265550755078494
8585,170594991,170595145,170595236,1,90,22,0.5569344773905881
8586,170594991,170595145,170595236,1,90,23,0.8375298204869477
8587,170594991,170595145,170595236,1,90,19,0.6737837086219853
8588,170594991,170595145,170595236,1,90,22,0.2584627275853024
8589,170594991,170595145,170595236,1,90,19,0.5675600591056286
8590,170594991,170595145,170595236,1,90,19,0.7709553824967947
8591,170594991,170595145,170595236,1,90,18,0.40130343305683125
8592,170594991,170595145,170595236,1,90,18,0.2205953975294901
8593,170594991,170595145,170595236,1,90,18,0.06989581687288982
8594,170594991,170595145,170595236,1,90,18,0.34170795167992873
8595,170594991,170595145,170595236,1,91,33,0.8946392264041506
8596,170594991,170595157,170595248,1,91,32,0.1540129124543813
8597,170594991,170595157,170595248,1,90,51,0.9509389523375854
8598,170594991,170595157,170595248,1,91,33,0.3018483825607122
8599,170594992,170595157,170595248,1,90,34,0.17213437681798138
8600,170594992,170595157,170595248,1,91,34,0.642799036357987
8601,170594992,170595157,170595248,1,90,34,0.12287954187827932
8602,170594992,170595157,170595248,1,90,33,0.729315966981178
8603,170594992,170595157,170595248,1,90,19,0.7250406375352648
8604,170594992,170595157,170595248,1,90,19,0.29510245631531595
8605,170594992,170595157,170595248,1,90,23,0.2983531468573246
8606,170594992,170595157,170595248,1,90,20,0.8494316523946711
8607,170594992,170595157,170595248,1,90,19,0.8012660674939805
8608,170594992,170595169,170595260,1,90,94,0.48281014955450163
8609,170594992,170595169,170595260,1,91,18,0.1853222127014591
8610,170594992,170595169,170595260,1,90,22,0.19512019186098428
8611,170594992,170595169,170595260,1,90,19,0.35958606312971364
8612,170594992,170595169,170595260,1,90,22,0.43066645442803275
8613,170594992,170595169,170595260,1,90,22,0.17488256061764118
8614,170594992,170595169,170595260,1,90,35,0.5567802561728247
8615,170594992,170595169,170595260,1,90,24,0.12695521911499763
8616,170594992,170595169,170595260,1,90,37,0.9124447946347732
8617,170594992,170595169,170595260,1,90,21,0.6262074568196517
8618,170594992,170595169,170595260,1,90,22,0.09049569311442396
8619,170594992,170595169,170595260,1,90,23,0.7798220991856034
8620,170594992,170595181,170595272,1,90,20,0.14442427708688488
8621,170594992,170595181,170595272,1,90,20,0.8324362351192937
8622,170594992,170595181,170595272,1,90,129,0.022672393458306184
8623,170594992,170595181,170595272,1,91,123,0.3586135921340704
8624,170594992,170595181,170595272,1,90,21,0.8841571612875205
8625,170594992,170595181,170595272,1,90,19,0.5585566306780516
8626,170594992,170595181,170595272,1,90,35,0.1469545036849731
8627,170594992,170595181,170595272,1,90,19,0.9237568186581359
8628,170594993,170595181,170595272,1,91,123,0.8923579515079594
8629,170594993,170595181,170595272,1,91,129,0.797075158355827
8630,170594993,170595181,170595272,1,90,123,0.9213364332491307
8631,170594993,170595181,170595272,1,91,123,0.8286551120045915
8632,170594993,170595194,170595285,1,90,34,0.4601838262426309
8633,170594993,170595194,170595285,1,90,35,0.9556748710447787
8634,170594993,170595194,170595285,1,91,18,0.44237161396985447
8635,170594993,170595194,170595285,1,90,18,0.38198965440694044
8636,170594993,170595194,170595285,1,90,20,0.32661243844245547
8637,170594993,170595194,170595285,1,91,19,0.5593439494805803
8638,170594993,170595194,170595285,1,91,19,0.6201214761989182
8639,170594993,170595194,170595285,1,91,20,0.5650944304988083
8640,170594993,170595194,170595285,1,90,20,0.23230035310954966
8641,170594993,170595194,170595285,1,90,19,0.03144330146545049
8642,170594993,170595218,170595309,1,90,20,0.6489798275117948
8643,170594993,170595206,170595297,1,91,18,0.47634249131839057
8644,170594993,170595218,170595309,1,90,20,0.09892490840898427
8645,170594993,170595206,170595297,1,90,23,0.6232375459381738
8646,170594993,170595206,170595297,1,90,45,0.06277685144352174
8647,170594993,170595218,170595309,1,90,20,0.2645223852393135
8648,170594993,170595206,170595297,1,90,21,0.2567834003179583
8649,170594993,170595206,170595297,1,90,21,0.1698239893407093
8650,170594993,170595218,170595309,1,90,21,0.5991111483611218
8651,170594993,170595218,170595309,1,90,18,0.8062518215926578
8652,170594993,170595218,170595309,1,90,19,0.6262532271221566
8653,170594993,170595218,170595309,1,90,19,0.7850264972941254
8654,170594993,170595218,170595309,1,91,19,0.44504464732548543
8655,170594993,170595218,170595309,1,90,19,0.17568612921061522
8656,170594993,170595218,170595309,1,90,20,0.803709589876348
8657,170594993,170595218,170595309,1,90,20,0.7674206969013502
8658,170594994,170595218,170595309,1,90,20,0.8572419956425178
8659,170594994,170595231,170595321,1,90,19,0.8069494801311463
8660,170594994,170595231,170595321,1,90,18,0.3117635268884166
8661,170594994,170595231,170595321,1,90,42,0.05666136213909678
8662,170594994,170595231,170595321,1,90,40,0.5244836925825156
8663,170594994,170595231,170595321,1,90,20,0.1214882363666423
8664,170594994,170595231,170595321,1,90,20,0.04559091105758151
8665,170594994,170595231,170595321,1,90,18,0.12203057329552647
8666,170594994,170595231,170595321,1,90,33,0.32473485120889267
8667,170594994,170595231,170595321,1,90,41,0.23973090843201705
8668,170594994,170595231,170595321,1,90,24,0.27680877825155936
8669,170594994,170595231,170595321,1,90,17,0.599873951672235
8670,170594994,170595231,170595322,1,91,17,0.830766007109687
8671,170594994,170595243,170595334,1,90,19,0.2608343843731469
8672,170594994,170595243,170595334,1,91,33,0.15606263715455682
8673,170594994,170595243,170595334,1,90,19,0.8028416037338327
8674,170594994,170595243,170595334,1,91,22,0.1710751912619397
8675,170594994,170595243,170595334,1,91,21,0.9216823488173851
8676,170594994,170595243,170595334,1,91,34,0.9049957249565099
8677,170594994,170595243,170595334,1,91,20,0.31071273192530713
8678,170594994,170595243,170595334,1,90,22,0.08456538449008266
8679,170594994,170595243,170595334,1,90,23,0.20937052174547566
8680,170594994,170595243,170595334,1,90,19,0.31158061625214295
8681,170594994,170595243,170595334,1,90,22,0.4508277536057622
8682,170594994,170595243,170595334,1,91,19,0.8448223944364648
8683,170594994,170595268,170595359,1,90,18,0.07932840063589941
8684,170594994,170595256,170595347,1,90,16,0.005746317881103913
8685,170594994,170595256,170595347,1,90,19,0.61854293354711
8686,170594994,170595256,170595347,1,90,20,0.01271752017749217
8687,170594994,170595256,170595347,1,90,28,0.6215748389766377
8688,170594994,170595256,170595347,1,90,18,0.8406556136736688
8689,170594995,170595256,170595347,1,90,18,0.1313345306770599
8690,170594995,170595256,170595347,1,90,18,0.7406724259505825
8691,170594995,170595256,170595347,1,91,18,0.5621741195311928
8692,170594995,170595256,170595347,1,91,18,0.017129453038447928
8693,170594995,170595256,170595347,1,91,19,0.5186883376012739
8694,170594995,170595256,170595347,1,91,19,0.9876413198697768
8695,170594995,170595005,170595043,1,38,135,0.7947978711010015
8696,170594995,170595268,170595359,1,90,19,0.08686756185543232
8697,170594995,170595268,170595359,1,90,18,0.2063457594693543
8698,170594995,170595268,170595359,1,90,22,0.5895764476693272
8699,170594995,170595268,170595359,1,90,24,0.9505680582577462
8700,170594995,170595268,170595359,1,90,37,0.35916909844790446
8701,170594995,170595268,170595359,1,90,21,0.3877414619717344
8702,170594995,170595268,170595359,1,90,22,0.9196322970421231
8703,170594995,170595268,170595359,1,90,23,0.5711279747438714
8704,170594995,170595268,170595359,1,90,33,0.3766313332217017
8705,170594995,170595268,170595359,1,90,33,0.22197656860475146
8706,170594995,170595268,170595359,1,91,33,0.2905585134111125
8707,170594995,170595280,170595371,1,91,17,0.670576237667493
8708,170594995,170595280,170595371,1,91,20,0.9561473164328176
8709,170594995,170595280,170595371,1,91,20,0.9517257191563419
8710,170594995,170595280,170595371,1,91,20,0.812687628326499
8711,170594995,170595280,170595371,1,91,20,0.03844925263309329
8712,170594995,170595280,170595371,1,91,20,0.6938327870660667
8713,170594995,170595280,170595371,1,90,20,0.7868373897812267
8714,170594995,170595280,170595371,1,91,20,0.3787855304948906
8715,170594995,170595280,170595371,1,91,21,0.17532665343361542
8716,170594995,170595280,170595371,1,91,19,0.9847305098977771
8717,170594995,170595280,170595371,1,91,35,0.25978661914878465
8718,170594995,170595280,170595371,1,91,19,0.9377176767870556
8719,170594995,170595281,170595372,1,90,22,0.31854966704037935
8720,170594995,170595281,170595372,1,90,34,0.04461044608680487
8721,170594996,170595281,170595372,1,90,34,0.6000482257301819
8722,170594996,170595281,170595372,1,90,34,0.7836273230976694
8723,170594996,170595281,170595372,1,91,33,0.008884154979533099
8724,170594996,170595281,170595372,1,90,33,0.29705300572498694
8725,170594996,170595281,170595372,1,90,33,0.12707742204217243
8726,170594996,170595281,170595372,1,90,33,0.28724533280448605
8727,170594996,170595281,170595372,1,91,28,0.8583563208474775
8728,170594996,170595281,170595372,1,90,20,0.6029944382810609
8729,170594996,170595281,170595372,1,90,19,0.9624110298847524
8730,170594996,170595281,170595372,1,91,18,0.6989781024376092
8731,170594996,170595281,170595372,1,90,33,0.7736000806474301
8732,170594996,170595281,170595372,1,90,32,0.5673600297220349
8733,170594996,170595281,170595372,1,90,33,0.8100278652344729
8734,170594996,170595281,170595372,1,90,33,0.1619900738637834
8735,170594996,170595281,170595372,1,90,33,0.9297065670285789
8736,170594996,170595281,170595372,1,90,33,0.596210865170008
8737,170594996,170595281,170595372,1,90,33,0.4927236974431113
8738,170594996,170595281,170595372,1,90,29,0.7994847431776821
8739,170594996,170595281,170595372,1,90,32,0.21289450956142242
8740,170594996,170595281,170595372,1,90,33,0.11040217192515145
8741,170594996,170595281,170595372,1,90,33,0.3542130805929329
8742,170594996,170595281,170595372,1,90,33,0.26035559967132793
8743,170594996,170595281,170595372,1,91,33,0.7143804052608151
8744,170594996,170595281,170595372,1,91,33,0.09469725747999558
8745,170594996,170595281,170595372,1,91,32,0.10800206684713665
8746,170594996,170595281,170595372,1,90,33,0.5602425063581774
8747,170594996,170595281,170595372,1,90,118,0.6930732438300091
8748,170594996,170595281,170595372,1,90,35,0.5023874368604538
8749,170594996,170595286,170595377,1,90,34,0.5348231149983136
8750,170594997,170595286,170595377,1,90,20,0.7662037481679373
8751,170594997,170595286,170595377,1,90,20,0.07320278283200665
8752,170594997,170595286,170595377,1,90,20,0.18281592970427718
8753,170594997,170595286,170595377,1,90,18,0.8254330094649415
8754,170594997,170595286,170595377,1,90,19,0.38788931679336314
8755,170594997,170595286,170595377,1,90,18,0.20462573321882638
8756,170594997,170595286,170595377,1,90,19,0.8603277173849184
8757,170594997,170595287,170595377,1,90,19,0.15026841496131915
8758,170594997,170595297,170595388,1,91,19,0.5654713683673783
8759,170594997,170595297,170595388,1,91,20,0.9457282037853335
8760,170594997,170595298,170595388,1,90,19,0.6625681716465732
8761,170594997,170595298,170595388,1,90,19,0.5254707333186194
8762,170594997,170595298,170595388,1,90,19,0.7120709123980833
8763,170594997,170595298,170595388,1,90,19,0.910890312319974
8764,170594997,170595298,170595389,1,90,20,0.6167512838764917
8765,170594998,170595298,170595389,1,90,20,0.4407077134552415
8766,170594998,170595298,170595389,1,90,20,0.35935651442407723
8767,170594998,170595298,170595389,1,90,20,0.29666131434579757
8768,170594998,170595298,170595389,1,90,20,0.25669403936235435
8769,170594998,170595298,170595389,1,90,20,0.17133071775482667
8770,170594998,170595298,170595389,1,90,20,0.30204907403821935
8771,170594998,170595298,170595389,1,90,21,0.9333186645722249
8772,170594998,170595298,170595389,1,90,45,0.4276896615394874
8773,170594998,170595298,170595389,1,90,21,0.5038297255391286
8774,170594998,170595298,170595389,1,90,21,0.9395688782073274
8775,170594998,170595299,170595389,1,90,18,0.7873007052802775
8776,170594998,170595311,170595402,1,90,18,0.660849736054427
8777,170594998,170595311,170595402,1,91,20,0.14111887753931263
8778,170594998,170595311,170595402,1,90,20,0.6941492234987329
8779,170594998,170595311,170595402,1,90,19,0.37912858985916675
8780,170594998,170595311,170595402,1,90,19,0.37342119763162374
8781,170594998,170595311,170595402,1,90,55,0.26236719953422516
8782,170594998,170595311,170595402,1,90,19,0.12866971964270024
8783,170594998,170595313,170595404,1,91,60,0.6082823630641386
8784,170594998,170595313,170595404,1,91,55,0.03471826493082775
8785,170594998,170595313,170595404,1,91,57,0.4294325869941381
8786,170594998,170595314,170595404,1,90,59,0.4590353686994606
8787,170594998,170595314,170595405,1,91,60,0.8205311449002116
8788,170594998,170595322,170595413,1,90,56,0.18780388626037903
8789,170594998,170595324,170595415,1,90,18,0.6826054382320972
8790,170594998,170595324,170595415,1,90,42,0.3671552488741575
8791,170594998,170595324,170595415,1,90,40,0.40564470434621025
8792,170594998,170595324,170595415,1,90,20,0.7425217469425491
8793,170594998,170595324,170595415,1,90,20,0.24578370906586888
8794,170594998,170595324,170595415,1,90,60,0.22215692380173813
8795,170594999,170595324,170595415,1,90,18,0.973262618861482
8796,170594999,170595324,170595415,1,90,33,0.386060332821871
8797,170594999,170595324,170595415,1,90,41,0.3747921243653727
8798,170594999,170595324,170595415,1,90,24,0.13228285586392685
8799,170594999,170595324,170595415,1,90,17,0.5968533822239631
8800,170594999,170595334,170595425,1,91,53,0.6430622322912161
8801,170594999,170595334,170595425,1,90,73,0.405372783814277
8802,170594999,170595336,170595427,1,90,19,0.012533903243831968
8803,170594999,170595336,170595427,1,90,33,0.5991130318800892
8804,170594999,170595336,170595427,1,90,19,0.9236329570257357
8805,170594999,170595336,170595427,1,90,22,0.8245642380276162
8806,170594999,170595336,170595427,1,90,21,0.7110250231915047
8807,170594999,170595336,170595427,1,90,34,0.13013697404743652
8808,170594999,170595336,170595427,1,90,20,0.12098705846769098
8809,170594999,170595336,170595427,1,90,22,0.6119489534979065
8810,170594999,170595336,170595427,1,90,23,0.7469399749660568
8811,170594999,170595336,170595427,1,90,19,0.09513085758141815
8812,170594999,170595348,170595439,1,90,27,0.2993980928210719
8813,170594999,170595348,170595439,1,91,23,0.23064594180446452
8814,170594999,170595348,170595439,1,90,22,0.4022090669741466
8815,170594999,170595348,170595439,1,90,19,0.9820471445406214
8816,170594999,170595349,170595440,1,90,16,0.4602793493784987
8817,170594999,170595349,170595440,1,90,19,0.6528770426647245
8818,170594999,170595349,170595440,1,90,20,0.578265292329122
8819,170594999,170595349,170595440,1,90,28,0.7057560880538831
8820,170594999,170595349,170595440,1,90,18,0.9959868560729784
8821,170594999,170595349,170595440,1,90,18,0.766733499698341
8822,170594999,170595349,170595440,1,90,19,0.2262031654463702
8823,170594999,170595360,170595451,1,90,18,0.2579283177670123
8824,170594999,170595360,170595451,1,90,22,0.539195683533266
8825,170594999,170595360,170595451,1,90,21,0.9614988054492833
8826,170595000,170595360,170595451,1,90,33,0.2894317418790717
8827,170595000,170595360,170595451,1,90,33,0.8661263932751767
8828,170595000,170595360,170595451,1,90,18,0.156709988106838
8829,170595000,170595360,170595451,1,90,23,0.5210519158968813
8830,170595000,170595360,170595451,1,90,19,0.12960475886288858
8831,170595000,170595360,170595451,1,90,37,0.4525812922659386
8832,170595000,170595360,170595451,1,90,18,0.06109196710760889
8833,170595000,170595360,170595451,1,90,24,0.9993012948707635
8834,170595000,170595360,170595451,1,90,33,0.8935374740837767
8835,170595000,170595372,170595463,1,90,22,0.956232492745853
8836,170595000,170595372,170595463,1,90,19,0.6251081564643899
8837,170595000,170595372,170595463,1,90,18,0.5822160344898064
8838,170595000,170595372,170595463,1,90,18,0.2643275183987418
8839,170595000,170595373,170595464,1,90,19,0.19874200429437783
8840,170595000,170595373,170595464,1,90,19,0.5499650179154508
8841,170595000,170595373,170595464,1,90,20,0.5230627011699355
8842,170595000,170595373,170595464,1,90,17,0.11926625246218414
8843,170595000,170595373,170595464,1,90,20,0.08542803344408145
8844,170595000,170595373,170595464,1,90,19,0.635392713807924
8845,170595000,170595373,170595464,1,90,35,0.34779815875384845
8846,170595000,170595373,170595464,1,90,20,0.8455526043170326
8847,170595000,170595373,170595464,1,90,20,0.6575433953959026
8848,170595000,170595373,170595464,1,90,20,0.03402025875900416
8849,170595000,170595373,170595464,1,90,20,0.5121797755534256
8850,170595000,170595373,170595464,1,90,21,0.6875136506418211
8851,170595000,170595374,170595465,1,90,33,0.5003663746537195
8852,170595000,170595374,170595465,1,90,34,0.5945200736001612
8853,170595000,170595374,170595465,1,90,33,0.7608083580990755
8854,170595000,170595374,170595465,1,90,33,0.785235825422762
8855,170595001,170595374,170595465,1,90,33,0.8237357998187517
8856,170595001,170595374,170595465,1,90,33,0.917239190971931
8857,170595001,170595374,170595465,1,90,118,0.06676883674977085
8858,170595001,170595374,170595465,1,90,19,0.0025334576451785384
8859,170595001,170595374,170595465,1,90,33,0.5966990662904724
8860,170595001,170595374,170595465,1,90,29,0.6342173321508038
8861,170595001,170595374,170595465,1,90,34,0.7089759105748389
8862,170595001,170595374,170595465,1,90,34,0.03809276986191401
8863,170595001,170595374,170595465,1,90,20,0.9824682903212942
8864,170595001,170595374,170595465,1,90,33,0.38838983178223896
8865,170595001,170595374,170595465,1,90,22,0.3898945640001721
8866,170595001,170595374,170595465,1,90,32,0.33968537271141064
8867,170595001,170595374,170595465,1,90,33,0.27094294124799734
8868,170595001,170595374,170595465,1,90,33,0.5470651798606783
8869,170595001,170595374,170595465,1,90,33,0.339940177007409
8870,170595001,170595374,170595465,1,90,33,0.3103350217648658
8871,170595001,170595374,170595465,1,90,28,0.3652530708002255
8872,170595001,170595374,170595465,1,90,33,0.9632671424150094
8873,170595001,170595374,170595465,1,90,33,0.1104709214489008
8874,170595001,170595374,170595465,1,90,32,0.5107445673477834
8875,170595001,170595374,170595465,1,90,32,0.1765168244704629
8876,170595001,170595374,170595465,1,90,33,0.21300263240140838
8877,170595001,170595379,170595470,1,90,33,0.17284561950613198
8878,170595001,170595379,170595470,1,90,33,0.909020340779515
8879,170595001,170595379,170595470,1,90,35,0.952891300471252
8880,170595001,170595379,170595470,1,90,20,0.6229269024149205
8881,170595001,170595379,170595470,1,91,20,0.9140904392139999
8882,170595001,170595379,170595470,1,91,18,0.6113025214671111
8883,170595003,170595281,170595346,2,64,27,0.7359206227797567
8884,170595006,170595009,170596505,2,1495,134,0.6243277035644771
8885,170595006,170595007,170595094,1,87,23,0.18438012561937123
8886,170595008,170595395,170595398,1,3,17,0.8823360582855834
8887,170595009,170595395,170595398,1,3,19,0.03337012287009122
8888,170595009,170595395,170595398,1,3,17,0.6038760843717517
8889,170595009,170595395,170595398,1,3,17,0.6497893088466362
8890,170595009,170595395,170595398,1,3,18,0.4478563378007513
8891,170595009,170595395,170595398,1,3,19,0.6372977620245746
8892,170595009,170595395,170595398,1,2,18,0.016985699185449454
8893,170595009,170595395,170595398,1,3,19,0.3408241324676031
8894,170595009,170595395,170595398,1,3,18,0.04765842340944215
8895,170595009,170595395,170595398,1,3,19,0.8469632736749809
8896,170595009,170595395,170595398,1,2,18,0.40013102407164214
8897,170595009,170595395,170595398,1,3,19,0.15438499642958403
8898,170595009,170595395,170595398,1,2,19,0.3949289221338037
8899,170595009,170595395,170595398,1,3,19,0.17255037923435868
8900,170595009,170595396,170595399,1,2,45,0.23676415330337586
8901,170595010,170595400,170595403,1,3,21,0.6466309515413077
8902,170595010,170595400,170595403,1,2,21,0.8679509986158616
8903,170595010,170595400,170595403,1,2,19,0.44963012179782924
8904,170595010,170595406,170595409,1,2,17,0.2675565790520532
8905,170595010,170595406,170595409,1,2,17,0.5380838453142517
8906,170595010,170595406,170595409,1,2,22,0.5025635666855819
8907,170595010,170595406,170595409,1,3,17,0.10462731023258265
8908,170595010,170595406,170595409,1,2,44,0.3265897151007793
8909,170595010,170595406,170595409,1,3,18,0.17105666050807133
8910,170595011,170595406,170595409,1,2,19,0.4881581271593888
8911,170595011,170595406,170595409,1,2,19,0.6551953475437811
8912,170595011,170595406,170595409,1,2,19,0.8265233827029603
8913,170595011,170595406,170595409,1,3,19,0.6881231556635562
8914,170595011,170595406,170595409,1,3,19,0.9955243149752364
8915,170595011,170595406,170595409,1,2,21,0.9001100668905507
8916,170595011,170595406,170595409,1,2,21,0.14500453519802137
8917,170595011,170595406,170595409,1,3,19,0.6853801660782769
8918,170595011,170595406,170595409,1,3,19,0.38642952018567767
8919,170595011,170595406,170595409,1,2,18,0.1914665870692741
8920,170595011,170595406,170595409,1,3,19,0.570890290036188
8921,170595011,170595406,170595409,1,2,22,0.46585884354047136
8922,170595011,170595406,170595409,1,3,18,0.9194437721482251
8923,170595011,170595406,170595409,1,3,18,0.2786802415981726
8924,170595011,170595406,170595409,1,3,19,0.5035624470878387
8925,170595011,170595406,170595409,1,3,20,0.6745065463734988
8926,170595011,170595406,170595409,1,2,19,0.6276876611546917
8927,170595011,170595406,170595409,1,2,19,0.9147422843315538
8928,170595011,170595406,170595409,1,3,19,0.50443204508822
8929,170595011,170595406,170595409,1,3,19,0.7726347610804065
8930,170595011,170595406,170595409,1,2,19,0.04100103356790874
8931,170595011,170595406,170595409,1,2,20,0.6633655020942167
8932,170595011,170595406,170595409,1,2,20,0.30496924246718626
8933,170595011,170595406,170595409,1,3,23,0.059648432646532634
8934,170595014,170595015,170595054,1,39,47,0.9085844481926212
8935,170595015,170595015,170595054,1,39,59,0.9146004153990103
8936,170595015,170595015,170595054,1,39,45,0.2520006731544172
8937,170595015,170595015,170595054,1,38,46,0.6874446778151425
8938,170595025,170595034,170595577,1,542,20,0.9437989414621406
8939,170595029,170595056,170595778,1,721,24,0.3153856154182718
8940,170595030,170595056,170595063,1,7,20,0.1941429296895738
8941,170595045,170595058,170595961,1,902,24,0.5214354163174063
8942,170595045,170595046,170595946,1,900,48,0.3273918184679654
8943,170595064,170595095,170595279,1,184,23,0.31811562520218284
8944,170595070,170595071,170595942,1,870,61,0.16992939130101103
8945,170595072,170595107,170595821,4,713,61,0.9642746082742885
8946,170595096,170595107,170595163,1,55,253,0.11880416208746747
8947,170595096,170595107,170595349,1,241,26,0.2893483439097524
8948,170595099,170595107,170595128,1,20,25,0.8064657860414142
8949,170595102,170595107,170595826,1,719,218,0.1333500495873159
8950,170595108,170595120,170595166,1,45,226,0.3852265682465592
8951,170595108,170595132,170595405,1,273,36,0.3939289427989584
8952,170595139,170595145,170595193,1,48,138,0.823660508827063
8953,170595181,170595194,170595693,1,499,26,0.5269339741196275
8954,170595183,170595194,170595695,1,501,23,0.10900965166629928
8955,170595183,170595218,170595722,1,504,37,0.24122389454312387
8956,170595183,170595194,170595695,1,501,22,0.2782959088099236
8957,170595200,170595200,170595565,1,365,152,0.8436937034574346
8958,170595209,170595218,170595255,1,37,273,0.879785571633064
8959,170595212,170597796,170599672,16,1875,179,0.7231452233085468
8960,170595215,170597796,170599659,16,1863,136,0.009856279503940857
8961,170595237,170595243,170596611,1,1368,54,0.3996513941172686
8962,170595247,170595256,170595691,4,435,35,0.8100432909151554
8963,170595247,170595256,170595691,4,435,26,0.8095449543331406
8964,170595251,170595256,170595291,1,35,32,0.24044044867231273
8965,170595282,170595286,170596092,1,805,146,0.1175317514084051
8966,170595289,170595292,170595661,1,368,226,0.5169734821409727
8967,170595297,170595823,170597215,1,1392,36,0.9147267656645426
8968,170595309,170595311,170603774,4,8463,26,0.5817394395296279
8969,170595311,170595313,170595318,1,5,20,0.34482145164918354
8970,170595325,170595326,170595364,1,38,56,0.7299348689051369
8971,170595375,170595375,170595556,1,181,32,0.20918852632182172
8972,170595378,170595379,170596279,1,900,39,0.9562074544237451
8973,170595379,170595379,170596277,1,897,24,0.8967607763745215
8974,170595387,170595387,170595938,1,550,179,0.13750111612150828
8975,170595398,170597796,170599782,16,1986,166,0.5094830014414145
8976,170595401,170597997,170599856,16,1859,150,0.7723895830687008
8977,170595406,170595408,170596133,1,724,26,0.5822517038546179
8978,170595406,170595408,170596133,1,725,26,0.9820773462990547
8979,170595411,170595413,170595438,1,25,93,0.8294265204952597
8980,170595477,170595477,170595488,1,11,17,0.18667216424012878
8981,170595482,170595484,170595986,1,501,22,0.856310828616222
8982,170595483,170595483,170595667,1,184,22,0.7513915827564287
8983,170595508,170595508,170595511,1,2,18,0.42802803522359945
8984,170595509,170595509,170595754,1,245,124,0.8177471758007115
8985,170595511,170595513,170595522,1,9,45,0.08681064641732006
8986,170595522,170595522,170595525,2,2,20,0.13113887596281915
8987,170595532,170595532,170595572,1,40,59,0.13770280364876264
8988,170595535,170595535,170595574,1,38,55,0.8717759266471798
8989,170595535,170595535,170595574,1,38,44,0.3206457486230111
8990,170595535,170595537,170595577,1,40,44,0.28996338528375654
8991,170595535,170595537,170595577,1,40,46,0.9259099102742451
8992,170595537,170596603,170597085,80,481,287,0.30073326105403086
8993,170595537,170597087,170597794,80,706,287,0.6928290834541299
8994,170595537,170598380,170598763,80,383,360,0.8247617318251405
8995,170595537,170599242,170601404,80,2162,284,0.45378018079548843
8996,170595538,170595538,170595546,1,7,56,0.963142197609189
8997,170595552,170595552,170595843,1,291,32,0.6035613053971216
8998,170595568,170595568,170595571,1,2,152,0.2114371547640429
8999,170595571,170595572,170595598,1,25,128,0.8808082447283285
9000,170595573,170595573,170596888,1,1315,37,0.5624688146842904
9001,170595584,170595585,170596488,1,902,24,0.9692364689380959
9002,170595584,170604221,170606256,16,2035,149,0.33706631588183267
9003,170595586,170595586,170596102,1,516,18,0.28579054450000585
9004,170595590,170595590,170595606,1,15,18,0.9200718292606721
9005,170595592,170595593,170595807,1,214,215,0.9936776401813189
9006,170595594,170595594,170595601,1,7,44,0.9035600429721115
9007,170595608,170595608,170596296,1,688,186,0.2275925645911846
9008,170595613,170595613,170595939,1,326,295,0.326820867956504
9009,170595617,170595617,170597641,1,2024,32,0.2985623885664125
9010,170595617,170595618,170597640,1,2022,33,0.035036197219979526
9011,170595617,170595620,170597638,1,2018,46,0.5074133355184177
9012,170595622,170595623,170595790,1,167,20,0.271963215452279
9013,170595624,170595625,170595638,1,12,17,0.3674945084036808
9014,170595625,170595626,170595638,1,12,17,0.6154354608059212
9015,170595650,170595650,170601250,1,5599,29,0.9569101801211255
9016,170595650,170595650,170601277,1,5627,29,0.3583404757741405
9017,170595651,170595665,170601229,1,5564,44,0.011333856521281716
9018,170595651,170595669,170601260,1,5590,33,0.56791860508162
9019,170595651,170595673,170601002,1,5329,45,0.5244935301820632
9020,170595651,170595697,170600994,1,5296,47,0.5741296381247045
9021,170595651,170595697,170601066,1,5368,30,0.287021853996155
9022,170595651,170595697,170601054,1,5356,30,0.6102595239816274
9023,170595651,170595699,170601047,1,5347,56,0.379427701650191
9024,170595651,170595703,170601278,1,5574,30,0.9840837325369984
9025,170595654,170595703,170601272,1,5568,40,0.5709195035888195
9026,170595654,170595703,170601055,1,5351,31,0.7321545911573981
9027,170595692,170595694,170595877,1,182,26,0.8448879081776577
9028,170595693,170595696,170596196,1,499,22,0.2804245404430227
9029,170595695,170595696,170596196,1,499,24,0.6500348541114744
9030,170595695,170595697,170596198,1,501,25,0.038988528906430675
9031,170595722,170595723,170596225,1,502,22,0.7124287788330629
9032,170595734,170595734,170595751,1,17,19,0.729129712987346
9033,170595737,170595737,170595748,1,11,18,0.6256875504599444
9034,170595737,170595738,170595748,1,9,18,0.7364225748100257
9035,170595737,170595738,170595748,1,9,117,0.751745990160197
9048,170595737,170595746,170595791,4,44,126,0.5674065298087563
9049,170595737,170595746,170595785,4,38,25,0.3697467508297687
9036,170595738,170595748,170595753,1,4,28,0.13075032119494256
9037,170595738,170595748,170595753,1,4,31,0.11674851225672389
9038,170595738,170595748,170595754,1,5,17,0.8944965474793182
9039,170595739,170612206,170614369,1,2163,164,0.06143507520091085
9040,170595739,170595754,170595759,1,5,19,0.36499054640980655
9041,170595739,170595754,170595758,1,4,117,0.42439517588161324
9042,170595739,170595754,170595758,1,4,18,0.7397290526109925
9043,170595740,170595754,170595758,1,4,18,0.3826212306943595
9044,170595740,170595760,170595764,1,4,18,0.7623090331623645
9045,170595740,170595760,170595764,1,4,17,0.07536272746433115
9046,170595741,170595759,170595763,1,4,31,0.37288775040031286
9047,170595742,170595759,170595763,1,4,18,0.9366431064493277
9050,170595748,170595785,170595789,1,3,18,0.1822089071025207
9051,170595758,170595760,170595784,1,24,229,0.8381701707322984
9052,170595777,170595777,170595855,1,77,37,0.7919378407643034
9053,170595779,170595781,170595806,1,24,139,0.5788568832124337
9054,170595780,170595780,170602644,1,6864,49,0.6505087953278976
9055,170595797,170595797,170595799,10,2,23,0.5603547500758242
9056,170595799,170596232,170596280,4,48,45,0.3615345339208961
9057,170595799,170595807,170601275,4,5467,36,0.5029079111760084
9059,170595799,170595831,170601275,4,5443,27,0.24774089071065608
9060,170595799,170595831,170601275,4,5443,28,0.8952214170295791
9065,170595799,170595880,170595926,4,46,27,0.8730431962990988
9058,170595824,170595824,170595832,1,7,18,0.7539806860201345
9061,170595835,170595835,170595841,1,6,21,0.7710616794348016
9062,170595864,170595864,170595885,1,20,21,0.7124854299501261
9063,170595875,170595876,170596240,1,364,44,0.9591108724273654
9064,170595878,170595878,170596243,1,365,20,0.10712454103052849
9066,170595885,170595886,170595891,1,4,21,0.19110082078583124
9067,170595892,170595892,170596707,1,815,30,0.6357282812195764
9068,170595902,170595902,170603900,1,7997,21,0.7564040821335866
9069,170595902,170595902,170603911,1,8008,23,0.9433909043576308
9070,170595902,170595903,170603904,1,8000,25,0.36690031339332463
9071,170595902,170595903,170603910,1,8007,25,0.32704965290542776
9072,170595903,170595903,170603909,1,8005,25,0.16775246296919177
9073,170595903,170595903,170603908,1,8005,25,0.7674147324933026
9074,170595903,170595903,170603931,1,8028,24,0.9738552655603429
9075,170595903,170595903,170603908,1,8004,25,0.685191898580941
9076,170595903,170595903,170603914,1,8011,25,0.7676439380275875
9077,170595903,170595903,170603898,1,7994,22,0.3300470210469155
9078,170595903,170595903,170603914,1,8010,22,0.5125856143231061
9079,170595903,170595903,170603902,1,7999,22,0.5483261182787736
9080,170595903,170595903,170603924,1,8021,35,0.9821227048942572
9081,170595903,170595903,170603899,1,7995,34,0.2498436075316166
9082,170595903,170595903,170603907,1,8003,35,0.5522372516742573
9083,170595903,170595903,170603905,1,8002,34,0.4605687406673695
9084,170595903,170595903,170603885,1,7981,35,0.4289246476559112
9085,170595903,170595903,170603918,1,8015,35,0.2604271379371932
9086,170595903,170595903,170603912,1,8008,34,0.3063808902591214
9087,170595903,170595903,170603904,1,8001,35,0.46257239805085537
9088,170595903,170595903,170603870,1,7966,35,0.6806265629068826
9089,170595903,170595903,170603906,1,8003,34,0.7420641304127158
9090,170595903,170595903,170603926,1,8023,34,0.5358322144160397
9091,170595903,170595903,170603923,1,8019,36,0.5791830277358455
9092,170595903,170595928,170603912,1,7984,26,0.7283881833184535
9093,170595904,170595941,170603926,1,7985,43,0.5944722385932054
9094,170595904,170595943,170603948,1,8004,56,0.13864588148110757
9095,170595904,170595944,170603933,1,7988,172,0.9242910556812567
9096,170595904,170595998,170603979,1,7980,25,0.49912142461568343
9097,170595904,170596081,170604074,1,7992,23,0.7816791432698431
9098,170595904,170596081,170604102,1,8020,23,0.09556646829902182
9099,170595904,170596081,170604078,1,7996,42,0.06296687143681445
9100,170595904,170596081,170604093,1,8011,42,0.4565156633936245
9101,170595904,170596081,170604089,1,8007,21,0.33736176940429874
9102,170595904,170596081,170604079,1,7997,20,0.4429534582867056
9103,170595904,170596082,170604091,1,8008,27,0.9607202576185256
9104,170595904,170596082,170604098,1,8015,20,0.2328486752646831
9105,170595904,170596082,170604084,1,8002,21,0.5007943866705046
9106,170595904,170596087,170604082,1,7994,32,0.4795489877766802
9107,170595904,170596087,170604069,1,7981,21,0.10059444037726006
9108,170595904,170596135,170604144,1,8008,38,0.9861430199522824
9109,170595904,170596135,170604156,1,8020,37,0.5648425420862357
9110,170595904,170596162,170604168,1,8005,19,0.8862502681041331
9111,170595904,170596171,170604178,1,8007,27,0.18180817943012728
9112,170595904,170596220,170604223,1,8003,35,0.5662498593077644
9113,170595904,170596220,170604202,1,7982,35,0.4547800872838167
9114,170595904,170596220,170604200,1,7980,35,0.74556099691854
9115,170595904,170596220,170604237,1,8017,19,0.7093167632368073
9116,170595904,170596220,170604219,1,7999,35,0.18557273249247286
9117,170595904,170596220,170604188,1,7968,35,0.8989491979601445
9118,170595907,170595928,170599612,1,3684,25,0.7196298075577031
9119,170595908,170595910,170595930,1,19,20,0.6569073519579506
9120,170595915,170595915,170595920,1,5,17,0.6952133761890531
9121,170595916,170595928,170599593,1,3665,24,0.20098580259561338
9122,170595920,170595920,170595928,1,7,21,0.0034469893126529705
9123,170595921,170595922,170595931,1,9,33,0.33251696206321546
9124,170595922,170595928,170599498,1,3570,23,0.30765463889962386
9125,170595927,170595927,170595948,1,20,23,0.7482638793099644
9126,170595942,170595942,170595951,1,8,47,0.21515754147117994
9127,170595946,170595949,170596853,1,903,47,0.513535064041572
9128,170595950,170595950,170596191,1,240,18,0.1009454908096813
9129,170595955,170595955,170595979,1,23,115,0.05911268649234491
9130,170595958,170595958,170595961,1,3,18,0.09116458416728435
9131,170595961,170595963,170596865,1,902,24,0.1534390186059067
9132,170595967,170596232,170601635,1,5403,28,0.9347801011671903
9133,170595967,170595968,170595975,1,7,21,0.7243061817969815
9134,170595968,170595968,170595977,1,8,31,0.7997034815985842
9135,170595973,170596232,170601635,1,5403,47,0.005232622850890989
9136,170595986,170595987,170596488,1,500,22,0.8726285952110036
9137,170595988,170595988,170595996,1,8,17,0.6011625128866217
9138,170596000,170604000,170604529,1,529,79,0.1263320107321736
9139,170596000,170604014,170605356,1,1342,75,0.07481527655100662
9140,170596001,170604220,170605710,1,1490,90,0.7161341480664103
9141,170596001,170604220,170605632,1,1411,76,0.9404753701001587
9142,170596002,170604220,170605641,1,1421,76,0.7482295799532469
9143,170596002,170604220,170605846,1,1625,75,0.42899685811993726
9144,170596002,170604220,170605822,1,1601,75,0.8872360834884115
9145,170596003,170604220,170605627,1,1406,75,0.5877126858541203
9146,170596003,170604220,170605752,1,1531,76,0.8808357028942531
9147,170596003,170604220,170605651,1,1430,79,0.4578794765102817
9148,170596003,170604220,170605664,1,1444,74,0.38529792564568344
9149,170596003,170604220,170605643,1,1422,90,0.5585279367204874
9150,170596003,170604220,170605796,1,1575,86,0.9090555023769357
9151,170596003,170604220,170605779,1,1558,76,0.9310433946455154
9152,170596003,170604220,170605707,1,1486,90,0.4184469093789247
9153,170596003,170604220,170605745,1,1524,90,0.009321472633872396
9154,170596004,170604220,170605914,1,1693,90,0.9394306366619997
9155,170596004,170604220,170605604,1,1383,75,0.268178105002149
9156,170596004,170604220,170605705,1,1485,165,0.8557411580055094
9157,170596004,170604220,170605640,1,1419,90,0.2848818184377254
9158,170596004,170604220,170605726,1,1505,75,0.7442903299092158
9159,170596004,170604220,170605745,1,1524,89,0.3514334829891461
9160,170596004,170604220,170605744,1,1523,75,0.7312097169214157
9161,170596004,170604220,170605631,1,1410,76,0.12014910733927664
9162,170596004,170604220,170605697,1,1476,79,0.9429634813677729
9163,170596004,170604220,170605695,1,1474,86,0.146278096174974
9164,170596004,170604220,170605556,1,1335,75,0.6616825939151351
9165,170596004,170596004,170596011,1,6,20,0.9789545609875577
9166,170596004,170604220,170605711,1,1490,94,0.3607211600512499
9167,170596004,170604220,170605643,1,1422,78,0.9795790550214606
9168,170596004,170604220,170605709,1,1488,79,0.9829502199285192
9169,170596004,170604220,170605717,1,1496,79,0.32516791434482717
9170,170596004,170604220,170605800,1,1579,78,0.7702652580513062
9171,170596004,170604220,170605916,1,1695,76,0.7624520605139337
9172,170596004,170604220,170605930,1,1709,77,0.8712711235025996
9173,170596004,170604220,170605594,1,1373,74,0.05840291486536631
9174,170596004,170604220,170605740,1,1519,77,0.96800279078249
9175,170596005,170604220,170605681,1,1460,76,0.050319027055791166
9176,170596005,170604220,170605672,1,1451,77,0.8843837367145174
9177,170596005,170604220,170606010,1,1789,76,0.8778887793556538
9178,170596005,170604220,170605841,1,1620,77,0.21579130931054757
9179,170596005,170604220,170605678,1,1457,79,0.25293120609713293
9180,170596005,170604220,170605628,1,1407,76,0.09283635309508764
9181,170596005,170604220,170605717,1,1496,77,0.06389361785392966
9182,170596005,170604220,170605690,1,1469,90,0.08841723233314702
9183,170596005,170604220,170605712,1,1491,76,0.26236275806925335
9184,170596005,170604220,170605716,1,1496,78,0.3129690394660002
9185,170596005,170604220,170605771,1,1550,76,0.15314188851445443
9186,170596005,170604221,170605781,1,1560,77,0.9449144981078885
9187,170596005,170604221,170605727,1,1506,77,0.10743240923865438
9188,170596005,170604221,170605644,1,1423,78,0.8982514652483631
9189,170596005,170604221,170605675,1,1454,76,0.7177199120291735
9190,170596005,170604221,170605759,1,1538,76,0.5392704828440252
9191,170596008,170596009,170596017,1,8,21,0.8997226713682808
9192,170596032,170596034,170596060,1,26,134,0.8979500374254996
9193,170596044,170596081,170596161,1,79,22,0.639073325898968
9194,170596052,170596054,170596074,1,20,46,0.7697750111484133
9195,170596073,170596073,170596137,1,63,48,0.4686017620498517
9196,170596088,170596088,170596095,1,6,21,0.11312300527036012
9197,170596093,170596094,170596192,1,98,146,0.15601900547740222
9198,170596103,170596104,170596550,1,446,27,0.976230162384521
9199,170596103,170596103,170596106,1,2,21,0.9196367642454871
9200,170596106,170596109,170596133,1,23,133,0.29925584957225193
9201,170596116,170596135,170596287,1,152,87,0.11705813256650988
9202,170596132,170596135,170596146,1,11,26,0.15947426960873368
9203,170596133,170596135,170596859,1,723,138,0.45953184285276016
9204,170596133,170596135,170596859,1,723,39,0.9906049518035487
9205,170596137,170596155,170596169,1,14,27,0.924656847371254
9206,170596145,170596149,170596153,2,3,56,0.026641192463819796
9207,170596160,170596160,170596211,1,50,34,0.9719875378547633
9208,170596161,170596162,170596185,1,23,78,0.952392567686136
9209,170596178,170596178,170596205,1,26,170,0.7122188925534765
9210,170596195,170596195,170596219,1,24,140,0.680371164844051
9211,170596196,170596197,170596696,1,498,22,0.4633314643807117
9212,170596196,170596197,170596696,1,498,24,0.09370552585407887
9213,170596198,170596220,170596721,1,501,36,0.010189090367609288
9214,170596198,170596200,170603497,1,7296,136,0.895757914417834
9215,170596205,170596220,170596229,1,9,17,0.7416476387084769
9216,170596205,170596206,170596230,1,24,164,0.19217949348604924
9217,170596208,170596220,170604863,1,8643,152,0.41148840624832606
9218,170596210,170596210,170596232,1,21,170,0.027096484071814086
9219,170596219,170596220,170596243,1,23,26,0.44623186319202224
9220,170596220,170596220,170596582,1,361,137,0.5010073201677164
9221,170596221,170596223,170596588,1,364,39,0.7090787954409014
9222,170596225,170596226,170596728,1,501,20,0.5218149223924212
9223,170596230,170596230,170596243,1,13,68,0.7553735427170147
9224,170596233,170596233,170596458,1,224,23,0.34733985139946133
9225,170596235,170596244,170604274,2,8030,61,0.2665310203594885
9226,170596242,170596244,170596431,1,187,200,0.9492829047896144
9227,170596245,170596245,170596255,1,10,19,0.21534959754376792
9228,170596254,170596254,170596262,1,7,61,0.40908004254064423
9229,170596255,170596255,170596301,1,45,53,0.7909145144115349
9230,170596261,170596261,170596272,1,10,110,0.8681658328220855
9231,170596266,170612343,170612728,16,384,239,0.06641590751814141
9232,170596275,170596275,170596282,1,7,41,0.06195632032255638
9233,170596275,170596275,170596279,2,3,20,0.5932615337004821
9234,170596277,170596277,170597177,1,899,25,0.7738762864442278
9235,170596279,170596281,170597181,1,900,23,0.9703135210939101
9236,170596283,170596283,170596345,1,62,312,0.582636477681307
9237,170596317,170596317,170596343,1,25,21,0.5634852047807255
9238,170596318,170596318,170596328,1,9,33,0.34075529351517553
9239,170596331,170596331,170596480,1,148,99,0.42723483757015657
9240,170596332,170596332,170596337,1,5,17,0.14970033631379132
9241,170596338,170596338,170596702,1,363,69,0.7882588246658931
9242,170596341,170596341,170596705,1,364,26,0.5814035820463935
9243,170596353,170596354,170596359,1,5,104,0.5287350902667417
9244,170596358,170596359,170596400,1,40,127,0.11121297349436154
9245,170596361,170596361,170596368,1,7,56,0.942408101403731
9246,170596362,170596402,170601274,4,4871,54,0.9758593464792461
9247,170596362,170596365,170601274,4,4909,43,0.5399195375662592
9248,170596396,170596396,170596403,1,7,21,0.5757836617234728
9249,170596397,170596397,170596462,1,64,293,0.5725864737892268
9250,170596399,170596402,170596406,1,4,104,0.7737090021192168
9251,170596399,170596402,170596423,1,20,20,0.9492272874628506
9252,170596415,170596416,170596424,1,8,18,0.45415013570927043
9253,170596417,170596417,170596475,1,57,31,0.9744455900276059
9254,170596430,170596430,170596438,1,8,16,0.41854199896772815
9255,170596438,170596439,170596447,1,8,22,0.6592512657430257
9256,170596440,170596451,170596492,1,41,63,0.34716882480179556
9257,170596443,170596444,170596453,1,8,19,0.45011083262476226
9258,170596453,170596455,170596463,1,8,21,0.3796693876083067
9259,170596462,170596463,170596473,1,10,21,0.6846126763393137
9260,170596463,170596464,170597188,1,723,106,0.9734131104015532
9261,170596470,170596470,170596479,1,8,21,0.279096026747227
9262,170596482,170596483,170596490,4,6,21,0.1439059903961577
9263,170596488,170596492,170597391,1,899,24,0.9293376942275003
9264,170596488,170596492,170596994,1,502,20,0.3501554360720682
9265,170596496,170596496,170596509,1,13,19,0.3420238823032753
9266,170596499,170596499,170596508,1,9,36,0.269612754597772
9267,170596500,170596500,170596793,1,292,184,0.6312238082016163
9268,170596501,170596501,170596512,1,10,18,0.2981325848757499
9269,170596516,170596516,170596544,1,27,142,0.908465316871325
9270,170596520,170596523,170596578,1,54,144,0.010144735653022319
9271,170596522,170596522,170596528,1,5,21,0.9038135552748596
9272,170596525,170596525,170596802,1,277,35,0.27061082268240255
9273,170596535,170596535,170596544,1,8,17,0.5001935850606152
9274,170596577,170596577,170599141,1,2563,28,0.07671757631820264
9275,170596578,170596579,170599214,1,2635,44,0.3541202532170581
9276,170596579,170596580,170599095,1,2515,27,0.9476218477519789
9277,170596591,170596596,170596638,1,42,63,0.691560089819285
9278,170596604,170596604,170601834,1,5230,34,0.5103677045677943
9279,170596605,170596605,170602053,1,5448,35,0.10629200792037796
9280,170596606,170596607,170601372,1,4765,70,0.7224243446938698
9281,170596611,170596611,170602819,2,6208,40,0.1781851727875997
9282,170596611,170596613,170596632,8,19,43,0.9592153997130636
9283,170596624,170596624,170597487,1,863,122,0.7719502421276819
9284,170596624,170596624,170597455,1,830,80,0.33872902978282493
9285,170596625,170596625,170597058,1,432,125,0.7466643377003205
9286,170596626,170596626,170597056,1,429,98,0.8420114075118769
9287,170596627,170596627,170596654,1,27,33,0.7735784182418596
9288,170596627,170596627,170605272,1,8644,42,0.4675257013767399
9289,170596634,170596634,170596659,1,24,81,0.7317118084350891
9290,170596640,170596640,170597048,1,407,63,0.04980537929452444
9291,170596655,170596655,170597020,1,364,31,0.9954024545968149
9292,170596657,170596657,170596664,1,7,17,0.38473533485430944
9293,170596666,170596666,170596669,1,3,17,0.46635714548295537
9294,170596669,170596671,170596698,1,27,20,0.18126933548621882
9295,170596677,170596677,170596682,1,4,20,0.9083329295869034
9296,170596682,170596684,170596696,1,12,18,0.5594292350908735
9297,170596689,170596689,170596735,1,46,211,0.9049260820349749
9298,170596696,170596697,170597198,1,500,135,0.6141644703913255
9299,170596696,170596697,170597202,1,505,23,0.6345229075945469
9300,170596699,170596699,170596715,1,15,21,0.13958741471133151
9301,170596707,170596707,170596715,1,7,18,0.4924200728959991
9302,170596721,170596721,170597225,1,503,46,0.24944494984859
9303,170596728,170596729,170597232,1,502,20,0.162964641514858
9304,170596741,170596741,170596771,1,29,221,0.1416502444303923
9305,170596757,170596757,170596773,1,16,28,0.8807841942430784
9306,170596758,170596758,170596797,1,38,64,0.48613026480385824
9307,170596768,170604221,170605985,16,1764,161,0.32954269115313584
9308,170596769,170604221,170605979,16,1758,152,0.22704301359648116
9309,170596769,170604221,170606012,16,1791,146,0.8533356196801771
9310,170596769,170604251,170606288,16,2036,189,0.5321747981690326
9311,170596769,170604276,170606441,16,2164,271,0.18373606088316163
9312,170596770,170606350,170607777,16,1426,167,0.6282219965481874
9313,170596828,170596828,170596832,2,3,18,0.9690002879254608
9314,170596830,170596831,170596864,1,33,64,0.21849065078740415
9315,170596843,170596843,170600637,1,3794,112,0.5404686676259921
9316,170596847,170596848,170596852,4,4,32,0.269282137211847
9317,170596849,170596849,170596858,1,9,17,0.1271388297089009
9318,170596853,170596854,170597754,1,899,74,0.6992904616343181
9319,170596859,170596859,170597582,1,723,53,0.2111772278970785
9320,170596859,170596859,170597582,1,723,26,0.29573293106506005
9321,170596865,170596865,170597766,1,900,48,0.21420818885374793
9322,170596867,170596867,170596915,1,47,19,0.9407926363932861
9323,170596869,170596869,170596877,1,7,24,0.17646546244460326
9324,170596876,170596877,170596918,1,41,134,0.5668461787719958
9325,170596877,170596877,170596882,1,4,19,0.7319783772562114
9326,170596879,170596879,170596885,1,6,20,0.19273105363509435
9327,170596890,170596890,170596931,1,41,62,0.3719074851472012
9328,170596905,170596905,170596921,1,16,44,0.5575813763062096
9329,170596908,170596908,170596914,1,5,17,0.17085203119523917
9330,170596915,170596916,170598287,1,1371,41,0.17319591775710086
9331,170596935,170596935,170596941,1,5,20,0.41565704298751316
9332,170596936,170596936,170596940,1,3,18,0.11402452310450018
9333,170596941,170596942,170597035,1,93,80,0.5705608091594981
9334,170596959,170596959,170597001,1,42,63,0.26659641109281396
9335,170596968,170596968,170597007,1,38,64,0.5451176126635351
9336,170596972,170596972,170597014,1,41,131,0.3855156639194104
9337,170596991,170596991,170596995,1,4,18,0.2988722423647123
9338,170596994,170596995,170597498,1,502,22,0.7396283564455423
9339,170597020,170597022,170597386,1,364,31,0.023951412940187544
9340,170597032,170597032,170597035,1,2,18,0.7755781978642717
9341,170597034,170597034,170597079,1,44,63,0.4723505833669782
9342,170597049,170597049,170597428,1,379,37,0.9848939666755601
9343,170597057,170597058,170597068,1,10,17,0.325674045615731
9344,170597062,170597062,170597068,1,5,18,0.914466073222948
9345,170597069,170597070,170597089,1,19,38,0.7449495784057979
9346,170597096,170597096,170597115,1,18,92,0.5236933553195523
9347,170597101,170597102,170597109,1,6,19,0.2393648128633621
9348,170597102,170597102,170597135,1,32,39,0.6039651572465695
9349,170597106,170597106,170597168,1,61,62,0.35438293766459106
9350,170597115,170597115,170597233,1,118,34,0.09306783824183873
9351,170597121,170597121,170597155,1,33,129,0.5111118697987463
9352,170597128,170597128,170597153,1,24,112,0.8684966427175953
9353,170597153,170597165,170597206,1,41,19,0.3548051032116525
9354,170597177,170597177,170598077,1,899,112,0.009522226528945743
9355,170597181,170597181,170598082,1,900,45,0.7120251759923603
9356,170597181,170597181,170597467,4,285,192,0.14399283988960054
9357,170597187,170597187,170597208,1,20,23,0.5502886457895119
9358,170597198,170597199,170597699,1,499,23,0.6108499359649181
9359,170597199,170597199,170597923,1,724,41,0.4714103113641719
9360,170597202,170597204,170597704,1,500,23,0.6342840455224584
9361,170597214,170597238,170597250,1,12,17,0.8691338635723503
9362,170597225,170597225,170597726,1,501,23,0.4152895020174704
9363,170597232,170597233,170597734,1,500,46,0.8086367554775709
9364,170597234,170597234,170599992,1,2758,25,0.8435923358789349
9365,170597242,170597242,170597275,1,33,222,0.4717584924562406
9366,170597251,170597262,170597276,1,14,18,0.6803176621861304
9367,170597264,170597265,170597467,4,202,178,0.4627684539995073
9368,170597271,170597271,170597995,1,723,18,0.3339859027070369
9369,170597282,170597286,170597308,1,21,17,0.8314309752539305
9370,170597295,170597295,170597300,1,5,19,0.5464751736560656
9371,170597307,170597307,170597322,1,15,409,0.6102442085480732
9372,170597319,170597320,170597345,2,25,129,0.11825388150664273
9373,170597346,170597347,170600299,4,2952,66,0.42201081994719214
9374,170597391,170597392,170598292,1,899,24,0.2610337387121008
9375,170597435,170597435,170597439,1,4,18,0.8435325687836758
9376,170597498,170597499,170598002,1,502,22,0.5535746634540414
9377,170597522,170597523,170606167,2,8644,64,0.926878789420051
9378,170597531,170597531,170597545,1,13,21,0.23096063760093577
9379,170597542,170597542,170597545,1,2,112,0.548758767488911
9380,170597551,170597551,170598022,1,471,33,0.0858691557421255
9381,170597572,170597572,170597581,1,8,112,0.5756715672329346
9382,170597582,170597582,170598308,1,725,31,0.32644794840302915
9383,170597582,170597582,170598308,1,725,27,0.05287099943091844
9384,170597656,170597656,170597665,1,9,22,0.010513404221180855
9385,170597699,170597699,170598200,1,500,113,0.617567009643114
9386,170597704,170597705,170598205,1,500,22,0.5082761387791924
9387,170597726,170597729,170598229,1,500,23,0.2997760887952342
9388,170597734,170597735,170598235,1,500,23,0.05996443631738535
9389,170597754,170597755,170598657,1,902,48,0.9004623685360055
9390,170597766,170597766,170598667,1,901,23,0.11626576622149642
9391,170597771,170597771,170597774,2,2,96,0.0573123656436878
9392,170597775,170597775,170597781,2,5,129,0.48847948961607013
9393,170597826,170597826,170597835,1,8,17,0.09993230480590709
9394,170597941,170597941,170597947,1,5,18,0.09611724593166693
9395,170597943,170597943,170597995,1,52,32,0.8494437069858773
9396,170597974,170597974,170597980,1,5,18,0.027610899193874494
9397,170597998,170597998,170598022,1,24,26,0.9030254444679916
9398,170598002,170598004,170598505,1,501,22,0.337838357036623
9399,170598052,170598052,170598062,1,9,32,0.008841584631299915
9400,170598077,170598078,170598979,1,900,38,0.4534031975082853
9401,170598082,170598084,170598983,1,899,44,0.32551728013243675
9402,170598099,170598099,170598823,1,723,37,0.0016530547903248483
9403,170598112,170598112,170598764,2,652,26,0.20423722504704755
9404,170598142,170598142,170598367,1,224,21,0.820592083447249
9405,170598167,170598167,170598175,1,7,17,0.4759187686141104
9406,170598181,170598181,170598193,1,12,18,0.6703795001815801
9407,170598197,170598197,170598372,1,174,22,0.07928991021760945
9408,170598200,170598201,170598701,1,499,113,0.44829717841583905
9409,170598229,170598231,170598731,1,500,22,0.7984037549841505
9410,170598235,170598236,170598738,1,502,39,0.8689961989645556
9411,170598292,170598294,170599196,1,902,25,0.18903785679116436
9412,170598308,170598308,170599031,1,723,26,0.6697227390459666
9413,170598308,170598308,170599031,1,723,27,0.6825264422574175
9414,170598322,170598322,170605135,1,6813,69,0.8244251977670405
9415,170598322,170598322,170605135,1,6812,67,0.48924261922828804
9416,170598322,170598322,170605135,1,6812,81,0.3227825364259236
9417,170598322,170598322,170605135,1,6812,99,0.4250583429115802
9418,170598448,170598448,170598645,1,196,25,0.4716514467831595
9419,170598462,170598463,170599186,1,723,211,0.4913420241472948
9420,170598505,170598506,170599010,1,504,33,0.949994875036436
9421,170598657,170598659,170599557,1,898,24,0.9249146065285372
9422,170598667,170598668,170599570,1,901,29,0.9072440229844391
9423,170598701,170598704,170599203,1,499,113,0.5002735093047873
9424,170598738,170598740,170599240,1,499,22,0.0988880676245909
9425,170598747,170598747,170599572,2,824,80,0.6789152162150781
9426,170598747,170598747,170599584,2,836,61,0.19422513806918662
9427,170598747,170598747,170599584,2,837,57,0.2088101499859677
9428,170598747,170598748,170599574,2,826,70,0.3361611787376355
9429,170598747,170598748,170599594,2,846,57,0.3013712593380755
9430,170598747,170598748,170599596,2,848,60,0.6103894836022272
9431,170598747,170598748,170599593,2,845,58,0.8632469783467821
9432,170598748,170598748,170599593,2,845,57,0.8999780374932117
9433,170598748,170598748,170599595,2,847,58,0.5084457760680411
9434,170598748,170598748,170599595,2,847,57,0.9700691680061296
9435,170598748,170598748,170599575,2,827,57,0.878050842142816
9436,170598748,170598748,170599594,2,846,56,0.04831176694820527
9437,170598748,170598748,170599573,2,825,72,0.7905091558466254
9438,170598748,170598753,170599596,2,843,66,0.26533818547913324
9439,170598748,170598758,170599581,2,822,123,0.5456936613783383
9440,170598748,170598758,170599585,2,826,139,0.6576849694759952
9441,170598748,170598758,170599580,2,821,137,0.4631543984857899
9442,170598748,170598758,170599600,2,842,219,0.04068655310051439
9443,170598748,170598758,170599592,2,834,137,0.3125588970001897
9444,170598748,170598758,170599580,2,821,143,0.21830664585481308
9445,170598748,170598758,170599581,2,823,137,0.5178326126166085
9446,170598748,170598758,170599579,2,820,143,0.6860821789637158
9447,170598748,170598766,170600209,2,1443,370,0.35772459399920153
9448,170598748,170598766,170599589,2,823,60,0.44022205960998173
9449,170598748,170598766,170599588,2,822,58,0.917647656790308
9450,170598748,170598766,170599611,2,845,57,0.04829089824279187
9451,170598748,170598766,170599615,2,849,58,0.8690017151665154
9452,170598748,170598766,170599719,2,953,74,0.2563454848252805
9453,170598748,170598766,170599592,2,826,71,0.49416969989733195
9454,170598748,170598766,170599589,2,823,57,0.09913857913091972
9455,170598748,170598766,170599577,2,811,58,0.4039014219231042
9456,170598748,170598766,170599589,2,823,58,0.6641734965197879
9457,170598749,170598766,170599624,2,858,70,0.3528372461467263
9458,170598749,170598766,170599611,2,845,72,0.6428666695200329
9459,170598749,170598766,170599589,2,823,72,0.19077404899629424
9460,170598749,170598766,170599592,2,826,57,0.9897613161687265
9461,170598749,170598766,170599590,2,824,62,0.9723278515991033
9462,170598749,170598766,170599597,2,831,60,0.5369622459510314
9463,170598749,170598766,170599602,2,836,56,0.6572113292931805
9464,170598749,170598766,170599589,2,823,72,0.257529244443202
9465,170598749,170598766,170599608,2,842,71,0.23064412679849655
9466,170598749,170598766,170599588,2,822,63,0.5010229594978194
9467,170598749,170598766,170599590,2,824,66,0.0015113310868000163
9468,170598749,170598766,170599587,2,821,58,0.9093326272423048
9469,170598749,170598766,170599607,2,841,81,0.9977119053257042
9470,170598749,170598766,170599599,2,833,61,0.4353512847086499
9471,170598749,170598766,170599630,2,864,59,0.6605639886035652
9472,170598749,170598766,170599621,2,855,71,0.46653870390135144
9473,170598749,170598766,170599602,2,836,63,0.6675431687187483
9474,170598749,170598766,170599611,2,845,72,0.6260519849982673
9475,170598749,170598766,170599589,2,823,70,0.5398601931960935
9476,170598749,170598766,170599589,2,823,62,0.5781190396969892
9477,170598749,170598766,170599590,2,824,58,0.8818221958999863
9478,170598749,170598766,170599611,2,845,59,0.6117759844892763
9479,170598749,170598766,170599580,2,814,160,0.13415464425307044
9480,170598749,170598766,170599588,2,822,58,0.6058724373159777
9481,170598750,170598766,170599609,2,843,57,0.8745483366482593
9482,170598750,170598766,170599612,2,846,58,0.4061370974263474
9483,170598750,170598766,170599611,2,845,71,0.234803050199633
9484,170598750,170598766,170599601,2,835,59,0.8480611579785736
9485,170598750,170598766,170599800,2,1034,72,0.3392191881545529
9486,170598750,170598772,170599597,2,824,72,0.37498057111996486
9487,170598750,170598787,170599624,2,837,57,0.06874127318627765
9488,170598750,170598787,170599618,2,830,58,0.8646606408005909
9489,170598750,170598787,170599615,2,828,62,0.45698383266528764
9490,170598750,170598787,170599616,2,828,73,0.28823906334998306
9491,170598750,170598787,170599612,2,824,60,0.1528282495420672
9492,170598750,170598787,170599614,2,827,58,0.40284958396246506
9493,170598750,170598787,170599616,2,829,74,0.6098577812707602
9494,170598750,170598787,170599592,2,804,57,0.167095860808542
9495,170598750,170598787,170599616,2,828,67,0.6350817227987523
9496,170598750,170598787,170599618,2,830,62,0.3154623462194872
9497,170598750,170598787,170599634,2,847,61,0.5412251063608179
9498,170598750,170598787,170599636,2,848,59,0.04760239153944301
9499,170598750,170598787,170599618,2,830,155,0.18782489515945733
9500,170598750,170598787,170599617,2,829,60,0.44862186360035616
9501,170598750,170598787,170599602,2,814,79,0.8628318231885124
9502,170598751,170598787,170599623,2,836,57,0.6924988161610415
9503,170598751,170598839,170599689,2,850,78,0.5734902819689942
9504,170598751,170598839,170599663,2,824,77,0.2528345955894761
9505,170598751,170598839,170599675,2,836,97,0.381927775722509
9506,170598751,170598839,170599689,2,850,76,0.9743047673527433
9507,170598751,170598839,170599667,2,828,77,0.743075760454394
9508,170598751,170598839,170599661,2,822,79,0.9719013115218079
9509,170598751,170598839,170599666,2,827,78,0.07269538500176076
9510,170598751,170598839,170599663,2,824,78,0.35367768578121583
9511,170598751,170598839,170599672,2,833,79,0.849162105970863
9512,170598751,170598839,170599839,2,1000,76,0.8365442975680553
9513,170598751,170598839,170599662,2,823,79,0.18710106005843474
9514,170598751,170598839,170599668,2,828,76,0.7985666544776208
9515,170598751,170598839,170599662,2,823,77,0.6324538872721339
9516,170598751,170598839,170599661,2,822,78,0.6233091675357816
9517,170598751,170598839,170599683,2,844,79,0.3767551609485541
9518,170598751,170598853,170599680,2,826,70,0.7500536420639288
9519,170598751,170598881,170599708,2,827,80,0.5879443656183866
9520,170598751,170598881,170599716,2,835,89,0.13911499095071878
9521,170598751,170598881,170599708,2,827,91,0.8872266005617173
9522,170598751,170598881,170599725,2,844,76,0.24315864140623877
9523,170598751,170598881,170599708,2,827,77,0.9723467433750294
9524,170598751,170598881,170599743,2,862,77,0.5396849319473852
9525,170598752,170598881,170599734,2,853,77,0.23026776166254637
9526,170598752,170598881,170599734,2,852,77,0.6166324900991902
9527,170598752,170598881,170599708,2,827,90,0.9451531512124529
9528,170598752,170598881,170599717,2,835,95,0.16226583336456368
9529,170598752,170598881,170599708,2,827,76,0.7821486587613253
9530,170598752,170598881,170599725,2,844,77,0.6505448303838205
9531,170598752,170598881,170599708,2,827,79,0.5405049146362284
9532,170598752,170598881,170599725,2,844,172,0.6728035364023965
9533,170598752,170598881,170599708,2,827,77,0.09479040409885808
9534,170598752,170598881,170599716,2,835,75,0.10245575530251427
9535,170598752,170598887,170599717,2,829,58,0.10721860976194264
9536,170598752,170598889,170599700,2,810,57,0.04169842657849754
9537,170598752,170598889,170599742,2,852,77,0.39789374334731775
9538,170598752,170598889,170599733,2,843,173,0.11067932533643521
9539,170598752,170598889,170599716,2,826,77,0.255559900025102
9540,170598752,170598889,170599847,2,957,77,0.7079465054727843
9541,170598752,170598889,170599708,2,818,83,0.09381255977229441
9542,170598752,170598889,170599716,2,826,77,0.42602061502975563
9543,170598752,170598889,170599725,2,835,78,0.7278652671579042
9544,170598752,170598889,170599741,2,852,58,0.09580383236976409
9545,170598752,170598889,170599716,2,826,58,0.54057454967091
9546,170598752,170598889,170599733,2,843,58,0.5705553512719956
9547,170598753,170598889,170599742,2,852,58,0.45625562489236793
9548,170598753,170598889,170599716,2,826,58,0.4029401907753897
9549,170598753,170598889,170599742,2,852,57,0.22704268029576002
9550,170598753,170598889,170599742,2,852,58,0.7632789708920524
9551,170598753,170598889,170599742,2,852,77,0.750336529743548
9552,170598753,170598890,170599725,2,835,57,0.22474752551968336
9553,170598753,170599574,170600413,2,839,80,0.4977006828647129
9554,170598753,170599575,170600426,2,851,72,0.32843200315159127
9555,170598753,170599576,170600423,2,847,71,0.7923915660679883
9556,170598753,170599577,170600413,2,835,58,0.5800936929838638
9557,170598753,170599581,170600412,2,830,71,0.09128141497505882
9558,170598753,170599581,170600422,2,841,57,0.5636615044013855
9559,170598753,170599581,170600423,2,841,72,0.39213853517112063
9560,170598753,170599581,170600421,2,839,70,0.4904965540208952
9561,170598753,170599582,170600438,2,856,159,0.34346837839249034
9562,170598753,170599582,170600423,2,841,58,0.7314992351357612
9563,170598753,170599583,170600413,2,830,71,0.8922164228950835
9564,170598753,170599585,170600433,2,847,60,0.2945803429849525
9565,170598753,170599586,170600448,2,862,58,0.6383383040155519
9566,170598753,170599586,170600438,2,851,72,0.5590138074382658
9567,170598753,170599591,170600442,2,851,58,0.04493964706828624
9568,170598753,170599591,170600540,2,949,58,0.5299293607077056
9569,170598753,170599591,170600442,2,851,57,0.06217734721700385
9570,170598754,170599591,170600421,2,830,71,0.23881884713128598
9571,170598754,170599591,170600420,2,828,61,0.4118867583058313
9572,170598754,170599591,170600420,2,828,63,0.5543525934082593
9573,170598754,170599592,170600420,2,828,67,0.7909517537680936
9574,170598754,170599591,170600421,2,829,58,0.4133857797081917
9575,170598754,170599593,170600429,2,836,58,0.8499327686588499
9576,170598754,170599594,170600511,2,916,71,0.46003445567567725
9577,170598754,170599594,170600429,2,834,72,0.8768724672468364
9578,170598754,170599594,170600429,2,834,59,0.6284259013521635
9579,170598754,170599594,170600511,2,916,57,0.22062948779255132
9580,170598754,170599596,170600429,2,833,58,0.30852968182621854
9581,170598754,170599596,170600439,2,843,58,0.5065622620397077
9582,170598754,170599596,170600441,2,845,58,0.007155797287983101
9583,170598754,170599596,170600438,2,842,58,0.853590021724787
9584,170598754,170599597,170600428,2,831,58,0.8009355054909477
9585,170598754,170599597,170600429,2,832,58,0.4713879499732342
9586,170598754,170599598,170600438,2,840,61,0.6133723692259161
9587,170598754,170599598,170600444,2,845,67,0.16323721303186667
9588,170598754,170599600,170600450,2,850,61,0.06309178141701277
9589,170598754,170599600,170600448,2,848,58,0.8025096751101394
9590,170598754,170599600,170600457,2,856,72,0.12660633270121602
9591,170598754,170599600,170600450,2,849,72,0.06153812903400013
9592,170598754,170599600,170600450,2,849,59,0.871788542680542
9593,170598754,170599600,170600457,2,856,57,0.5070077854507007
9594,170598755,170599600,170600448,2,848,63,0.1919155709585103
9595,170598755,170599603,170600449,2,846,147,0.08184471074404243
9596,170598755,170599603,170600448,2,845,60,0.10883009871814497
9597,170598755,170599603,170600582,2,978,60,0.69402795980974
9598,170598755,170599603,170600437,2,833,57,0.4054074808193653
9599,170598755,170599604,170600436,2,832,64,0.8952868561186011
9600,170598755,170599604,170600437,2,833,62,0.8112000678602331
9601,170598755,170599609,170600423,2,813,82,0.11842807641565856
9602,170598755,170599610,170600435,2,825,77,0.9825097801131336
9603,170598755,170599610,170600430,2,819,77,0.26253588129366157
9604,170598755,170599613,170600443,2,830,72,0.906385994283243
9605,170598755,170599613,170600457,2,843,71,0.04856742532552483
9606,170598755,170599613,170600457,2,843,57,0.24121954926631484
9607,170598755,170599613,170600445,2,831,58,0.05814295401088243
9608,170598755,170599613,170600510,2,897,72,0.12111359921751019
9609,170598755,170599613,170600431,2,818,71,0.7210040732837791
9610,170598755,170599613,170600457,2,843,57,0.3833144255977736
9611,170598755,170599615,170600448,2,833,60,0.5524026604765151
9612,170598756,170599617,170600467,2,849,62,0.4852117351930557
9613,170598756,170599617,170600465,2,847,67,0.4962158909335146
9614,170598756,170599617,170600457,2,839,58,0.16505717043359458
9615,170598756,170599617,170600465,2,847,58,0.919822981828626
9616,170598756,170599617,170600465,2,847,73,0.585845009249751
9617,170598756,170599619,170600465,2,845,74,0.6720515416918885
9618,170598756,170599619,170600484,2,865,61,0.840920087102054
9619,170598756,170599619,170600466,2,846,61,0.6156008141539475
9620,170598756,170599619,170600467,2,847,155,0.42958591630984844
9621,170598756,170599621,170600457,2,835,58,0.6865567138169784
9622,170598756,170599625,170600478,2,852,70,0.0037595173087656697
9623,170598756,170599625,170600473,2,847,59,0.14192507690975664
9624,170598756,170599626,170600473,2,847,72,0.6779063480831782
9625,170598756,170599632,170600473,2,841,57,0.2792461832815283
9626,170598756,170599636,170600484,2,848,61,0.8862937271584733
9627,170598756,170599636,170600484,2,848,59,0.48365933620840607
9628,170598756,170599662,170600518,2,855,60,0.1761913799360656
9629,170598756,170599662,170600509,2,847,60,0.5997663661625071
9630,170598756,170599664,170600509,2,845,58,0.3004620337238938
9631,170598756,170599664,170600510,2,846,59,0.7935629382829208
9632,170598756,170599664,170600492,2,828,58,0.852932435287301
9633,170598756,170599664,170600480,2,816,58,0.5660088100868655
9634,170598757,170599668,170600513,2,845,57,0.9242866623488777
9635,170598757,170599668,170600492,2,824,57,0.15011388809752457
9636,170598757,170599668,170600501,2,832,57,0.033275664401063665
9637,170598757,170599673,170600492,2,819,66,0.7687848896187481
9638,170598757,170599677,170600543,2,866,78,0.5547404235075819
9639,170598757,170599682,170600551,2,869,70,0.8679945520215824
9640,170598757,170599684,170600551,2,866,58,0.6528838609131361
9641,170598757,170599691,170600533,2,842,57,0.9449623796466815
9642,170598757,170599691,170600543,2,851,59,0.4763926782034468
9643,170598757,170599702,170600553,2,851,58,0.09338358452693152
9644,170598757,170599710,170600550,2,840,66,0.2978479212847771
9645,170598757,170599710,170600701,2,991,62,0.6441192025725717
9646,170598757,170599710,170600537,2,827,61,0.4272327059650124
9647,170598757,170599710,170600549,2,839,72,0.38694383772068364
9648,170598757,170599710,170600549,2,839,58,0.3212308193692809
9649,170598757,170599710,170600578,2,868,73,0.1290863353684536
9650,170598757,170599710,170600568,2,858,60,0.5085733409681416
9651,170598757,170599710,170600561,2,851,56,0.07380346921399616
9652,170598757,170599718,170600570,2,851,60,0.9595726891721048
9653,170598757,170599718,170600558,2,840,57,0.26988517290971814
9654,170598757,170599718,170600542,2,823,60,0.1280930167411206
9655,170598757,170599718,170600549,2,831,60,0.9496924576832749
9656,170598757,170599718,170600549,2,831,59,0.29178558923276576
9657,170598757,170599718,170600549,2,831,58,0.2686707201564239
9658,170598758,170599718,170600558,2,839,59,0.30790586810458775
9659,170598758,170599718,170600674,2,956,75,0.024463561403092804
9660,170598758,170599720,170600567,2,847,71,0.3470043149436437
9661,170598758,170599726,170600558,2,831,60,0.7098633493934018
9662,170598758,170599726,170600578,2,851,58,0.6029225606280827
9663,170598758,170599727,170600585,2,858,58,0.031301471025185656
9664,170598758,170599727,170600575,2,847,153,0.4969167175586605
9665,170598758,170599727,170600562,2,834,57,0.24396794261907973
9666,170598758,170599735,170600586,2,851,156,0.05091688310308151
9667,170598758,170599735,170600593,2,858,59,0.4068343405886913
9668,170598758,170599736,170600573,2,837,58,0.3912329110255589
9669,170598758,170599736,170600583,2,847,59,0.41321219515014784
9670,170598758,170599743,170600601,2,858,56,0.5488250846965654
9671,170598758,170599743,170600583,2,839,58,0.3603113918371589
9672,170598758,170599743,170600594,2,850,61,0.9454084172172615
9673,170598758,170599743,170600582,2,839,56,0.8232929513310961
9674,170598758,170599743,170600780,2,1036,58,0.77492886496693
9675,170598758,170599744,170600583,2,839,61,0.9713181749777916
9676,170598758,170599745,170600583,2,837,58,0.7785770614594689
9677,170598758,170599802,170600651,2,849,79,0.9393092992194874
9678,170598758,170599841,170600693,2,851,57,0.847076033580111
9679,170598758,170599848,170600703,2,855,59,0.6883749329188368
9680,170598758,170600222,170601665,2,1443,369,0.9366550745917946
9681,170598758,170600414,170601267,2,853,58,0.532011690921802
9682,170598759,170600414,170601267,2,853,72,0.9928804891427446
9683,170598759,170600414,170601250,2,835,60,0.5071510025411118
9684,170598759,170600415,170601235,2,820,71,0.8390100315003135
9685,170598759,170600422,170601266,2,844,61,0.8417242765837019
9686,170598759,170600422,170601276,2,854,57,0.9410088888778746
9687,170598759,170600422,170601266,2,844,63,0.10432899184220878
9688,170598759,170600422,170601276,2,853,66,0.4240519594018254
9689,170598759,170600422,170601267,2,845,72,0.18180994755302793
9690,170598759,170600422,170601276,2,853,59,0.8250781369367355
9691,170598759,170600424,170601275,2,851,58,0.986311150807355
9692,170598759,170600424,170601276,2,851,71,0.6466273253436768
9693,170598759,170600424,170601266,2,842,72,0.5308321599291503
9694,170598759,170600424,170601279,2,854,57,0.1596284400909328
9695,170598759,170600424,170601267,2,842,81,0.8055027883821398
9696,170598759,170600427,170601266,2,839,58,0.9031068507480696
9697,170598759,170600431,170601284,2,853,72,0.05424294726560186
9698,170598759,170600431,170601275,2,843,57,0.012995545198173697
9699,170598759,170600433,170601266,2,833,71,0.5143119679168625
9700,170598759,170600434,170601251,2,816,60,0.6670177326297593
9701,170598759,170600436,170601274,2,838,57,0.0975599820259071
9702,170598759,170600439,170601275,2,835,59,0.6858979391156919
9703,170598759,170600439,170601274,2,835,63,0.9955234130389881
9704,170598759,170600439,170601274,2,835,64,0.2769861149063211
9705,170598760,170600439,170601274,2,835,71,0.3493726096203662
9706,170598760,170600440,170601292,2,852,57,0.28553831501652516
9707,170598760,170600440,170601292,2,852,160,0.025773630976575146
9708,170598760,170600440,170601296,2,855,60,0.2029733026657703
9709,170598760,170600442,170601291,2,849,57,0.45598599652137184
9710,170598760,170600443,170601367,2,924,58,0.10254314497079531
9711,170598760,170600443,170601283,2,840,102,0.4318099479354641
9712,170598760,170600444,170601301,2,856,57,0.52745510965502
9713,170598760,170600445,170601292,2,846,72,0.29138823778938416
9714,170598760,170600446,170601283,2,837,66,0.11830218929498615
9715,170598760,170600446,170601283,2,836,58,0.36004245881689956
9716,170598760,170600449,170601282,2,833,57,0.887639896568763
9717,170598760,170600451,170601282,2,830,57,0.1470465493251094
9718,170598760,170600451,170601266,2,815,61,0.7159346276645215
9719,170598760,170600451,170601283,2,831,60,0.11733152394541868
9720,170598760,170600451,170601291,2,840,57,0.06190125509615452
9721,170598760,170600451,170601291,2,839,63,0.6792968716288881
9722,170598760,170600451,170601291,2,840,148,0.8831647262672094
9723,170598760,170600451,170601300,2,848,60,0.7577911600250159
9724,170598760,170600452,170601283,2,831,73,0.6114800845458181
9725,170598760,170600452,170601291,2,838,60,0.376616404969046
9726,170598760,170600458,170601291,2,832,58,0.276965268247483
9727,170598760,170600458,170601309,2,851,59,0.9978659657441484
9728,170598761,170600458,170601291,2,832,73,0.3472354811676488
9729,170598761,170600458,170601439,2,980,56,0.3642595903365018
9730,170598761,170600458,170601300,2,841,58,0.5568835048340792
9731,170598761,170600459,170601274,2,815,57,0.08077883678349107
9732,170598761,170600459,170601266,2,807,57,0.30347369895640186
9733,170598761,170600466,170601317,2,850,66,0.8104484346972639
9734,170598761,170600466,170601290,2,824,74,0.1498639477662348
9735,170598761,170600466,170601298,2,831,58,0.6955898224323485
9736,170598761,170600466,170601299,2,832,73,0.3175271191701493
9737,170598761,170600468,170601298,2,830,60,0.3336924339881169
9738,170598761,170600468,170601307,2,838,62,0.6672375630161665
9739,170598761,170600469,170601317,2,848,155,0.15219119479493204
9740,170598761,170600474,170601307,2,832,57,0.9085204550378622
9741,170598761,170600474,170601451,2,976,72,0.11708941504555503
9742,170598761,170600475,170601307,2,832,58,0.1104856061095103
9743,170598761,170600479,170601315,2,835,71,0.680778542857936
9744,170598761,170600482,170601404,2,922,59,0.016700401934266584
9745,170598761,170600485,170601323,2,838,62,0.1083680493842849
9746,170598761,170600486,170601323,2,837,82,0.21105257825137058
9747,170598761,170600486,170601324,2,838,61,0.3062327704934249
9748,170598761,170600486,170601334,2,847,59,0.7177171056093434
9749,170598761,170600486,170601323,2,836,56,0.06824978755440136
9750,170598761,170600486,170601315,2,828,58,0.6957044591130517
9751,170598761,170600486,170601344,2,857,81,0.725291534111109
9752,170598761,170600494,170601453,2,959,59,0.12109113730588605
9753,170598762,170600494,170601344,2,849,67,0.27346349243269796
9754,170598762,170600494,170601331,2,837,58,0.006866577765329618
9755,170598762,170600502,170601339,2,836,96,0.9373180449677718
9756,170598762,170600512,170601348,2,836,58,0.24815904174439007
9757,170598762,170600512,170601347,2,834,83,0.46696745002431495
9758,170598762,170600512,170601347,2,835,60,0.11372157655158488
9759,170598762,170600512,170601347,2,835,58,0.6058692326155499
9760,170598762,170600512,170601347,2,835,96,0.7617170485113397
9761,170598762,170600512,170601360,2,848,96,0.7147658380722294
9762,170598762,170600514,170601346,2,832,58,0.6968857285535723
9763,170598762,170600519,170601338,2,819,58,0.1905787489954175
9764,170598762,170600534,170601374,2,839,57,0.8320594483973478
9765,170598762,170600538,170601354,2,815,59,0.7514371404109411
9766,170598762,170600543,170601379,2,836,59,0.46707090595019884
9767,170598762,170600543,170601355,2,811,60,0.9950986018054918
9768,170598762,170600543,170601390,2,846,56,0.9849955547649775
9769,170598762,170600543,170601379,2,836,71,0.34084629614952844
9770,170598762,170600550,170601388,2,838,58,0.45016085817829476
9771,170598762,170600550,170601388,2,837,77,0.6198780466666295
9772,170598762,170600550,170601402,2,851,102,0.14011045510268116
9773,170598762,170600550,170601402,2,851,81,0.4713004815602033
9774,170598762,170600550,170601390,2,839,82,0.8008101815051887
9775,170598762,170600550,170601402,2,851,82,0.036144940315894214
9776,170598763,170600552,170601402,2,849,72,0.5674169445186293
9777,170598763,170600552,170601510,2,958,58,0.6773141114849124
9778,170598763,170600554,170601389,2,834,56,0.676381858637163
9779,170598763,170600559,170601396,2,837,57,0.8337753888199273
9780,170598763,170600559,170601396,2,837,58,0.17631335229599476
9781,170598763,170600559,170601398,2,839,57,0.5207104524234757
9782,170598763,170600562,170601390,2,827,57,0.7798773300036048
9783,170598763,170600562,170601381,2,819,59,0.9580072783591249
9784,170598763,170600569,170601406,2,837,71,0.07556078591333215
9785,170598763,170600570,170601404,2,833,61,0.4840453866089842
9786,170598763,170600571,170601404,2,833,60,0.14060954579142793
9787,170598763,170600575,170601404,2,828,58,0.2596765200165031
9788,170598763,170600577,170601394,2,817,153,0.7262002536587423
9789,170598763,170600580,170601387,2,807,57,0.8754058029948824
9790,170598763,170600580,170601413,2,832,71,0.4594170028443728
9791,170598763,170600583,170601420,2,837,60,0.09813953351192717
9792,170598763,170600584,170601420,2,836,56,0.3598336329564611
9793,170598763,170600584,170601421,2,836,57,0.7563646551654792
9794,170598763,170600584,170601449,2,864,61,0.4026247831335523
9795,170598763,170600585,170601435,2,850,59,0.13094639743511705
9796,170598763,170600585,170601421,2,835,58,0.31214233117282164
9797,170598763,170600588,170601420,2,832,156,0.2652547367234086
9798,170598763,170600587,170601420,2,833,56,0.10963561903190122
9799,170598763,170600595,170601429,2,834,58,0.5520804504487481
9800,170598763,170600596,170601429,2,833,58,0.5135054456899986
9801,170598764,170600603,170601448,2,845,57,0.8284621651813739
9802,170598764,170600652,170601518,2,866,58,0.7726586403260273
9803,170598764,170600675,170601545,2,869,80,0.5349336704917236
9804,170598764,170600694,170601545,2,851,71,0.00780186729220822
9805,170598764,170600702,170601553,2,851,57,0.9222482234083115
9806,170598764,170600704,170601553,2,849,57,0.40861752372356275
9807,170598764,170600782,170601636,2,854,59,0.6549045285502421
9808,170598764,170601261,170602122,2,860,61,0.3977460821569495
9809,170598764,170601274,170602113,2,838,60,0.6383156628718585
9810,170598764,170601286,170602121,2,834,57,0.6169070854984404
9811,170598764,170601274,170602113,2,839,61,0.6348861001831998
9812,170598764,170601286,170602121,2,834,57,0.5293586036092843
9813,170598764,170601286,170602120,2,834,58,0.6779174870123766
9814,170598764,170601286,170602129,2,842,79,0.2468638251728411
9815,170598764,170601286,170602113,2,826,58,0.11439168868206817
9816,170598764,170601299,170602137,2,837,56,0.8063447572593176
9817,170598764,170601299,170602146,2,846,61,0.03173065081986981
9818,170598764,170601299,170602138,2,838,74,0.6328332508550206
9819,170598764,170601299,170602137,2,837,62,0.949209898239186
9820,170598764,170601312,170602154,2,842,58,0.07115241756038337
9821,170598764,170601299,170602137,2,837,58,0.5333914993916024
9822,170598764,170601299,170602138,2,838,57,0.1354757340287659
9823,170598764,170601299,170602144,2,845,57,0.418362847887254
9824,170598764,170601312,170602153,2,840,58,0.04523952604658765
9825,170598765,170601312,170602145,2,833,57,0.09025602701992685
9826,170598765,170601312,170602136,2,824,57,0.02162556169457297
9827,170598765,170601312,170602147,2,835,57,0.5132118855553063
9828,170598765,170601312,170602146,2,834,57,0.5165119587754808
9829,170598765,170601312,170602137,2,824,57,0.09838656007903068
9830,170598765,170601312,170602145,2,832,62,0.08168905523110914
9831,170598765,170601312,170602154,2,842,58,0.17864096206667046
9832,170598765,170601312,170602181,2,869,60,0.48576434405266744
9833,170598765,170601325,170602162,2,837,155,0.5258846266760897
9834,170598765,170598766,170598771,1,5,35,0.21795322307955234
9835,170598765,170601337,170602196,2,859,62,0.24675462564954365
9836,170598800,170598839,170600513,1,1674,79,0.6456236929941045
9837,170598979,170598980,170599879,1,899,38,0.6041643035088656
9838,170598983,170598984,170599885,1,900,45,0.9381018851205222
9839,170599010,170599011,170599514,1,502,20,0.570241101749747
9840,170599031,170599032,170599757,1,725,31,0.9086669956522782
9841,170599031,170599032,170599757,1,725,27,0.36300370040574736
9842,170599191,170599191,170599773,1,582,152,0.5992516531221281
9843,170599191,170599191,170599773,1,582,217,0.4037175947494235
9844,170599196,170599198,170600099,1,900,24,0.24842686868948105
9845,170599203,170599204,170599705,1,501,22,0.4866905297009151
9846,170599338,170599339,170599411,1,72,62,0.7085885182574853
9847,170599514,170599515,170600021,1,505,20,0.25307654379123623
9848,170599557,170599559,170600458,1,898,24,0.5922266433182338
9849,170599570,170599571,170600475,1,903,25,0.5447743318393863
9850,170599588,170599591,170599599,1,7,54,0.22587574301470736
9851,170599588,170599591,170599599,1,7,58,0.9968684662305753
9852,170599588,170599591,170599599,1,7,53,0.1660684581153894
9853,170599588,170599591,170599599,1,7,70,0.23816462424600515
9854,170599588,170599591,170599599,1,7,71,0.9541056178724369
9855,170599588,170599591,170599599,1,7,57,0.39476243291144164
9856,170599588,170599591,170599599,1,7,20,0.40135963364226557
9857,170599588,170599591,170599599,1,7,20,0.9321558456082887
9858,170599588,170599591,170599599,1,7,61,0.5064683499083122
9859,170599588,170599591,170599599,1,7,57,0.8675484241406859
9860,170599703,170599703,170599707,1,3,18,0.6432659763621443
9861,170599705,170599708,170600210,1,501,22,0.4862645079893505
9862,170599757,170599757,170599760,1,3,19,0.962850863110577
9863,170599757,170599759,170600483,1,724,27,0.31365456733313213
9864,170599757,170599759,170600483,1,724,31,0.469066016385578
9865,170599792,170599792,170599975,1,183,153,0.7487612234264438
9866,170599864,170599864,170599961,1,96,134,0.2710952783610713
9867,170599868,170599876,170603119,1,3242,136,0.005112096464170879
9869,170599868,170599876,170602290,1,2413,102,0.5834761226415451
9870,170599868,170599876,170603284,1,3407,135,0.1518045810164952
9871,170599868,170599876,170602102,1,2225,103,0.7845959599469481
9868,170599869,170599869,170599874,1,4,17,0.19251524972776202
9872,170599878,170599881,170601121,1,1240,49,0.5729405248539561
9873,170599879,170600063,170607582,16,7519,56,0.13883457370482488
9874,170599879,170599893,170600793,1,900,22,0.41314910084838874
9875,170599881,170607615,170614875,16,7260,142,0.35780671689619326
9876,170599882,170616911,170624062,16,7151,36,0.2911763014987251
9877,170599883,170624735,170632181,16,7445,472,0.7751194502431057
9878,170599883,170632481,170640319,16,7837,40,0.40561516341942694
9879,170599884,170640320,170647779,16,7458,171,0.6199613434579822
9880,170599885,170647780,170655600,16,7819,32,0.8955968737343418
9881,170599885,170599893,170600793,1,900,44,0.9210069099919154
9882,170599885,170658584,170665611,16,7027,43,0.8118429554886736
9883,170599902,170599977,170599998,2,20,22,0.22125707860763366
9884,170599946,170599946,170599954,1,8,18,0.7826504663472219
9885,170599961,170599961,170600323,1,362,300,0.6894157628395982
9886,170599971,170606864,170607227,16,363,58,0.2437776302992647
9887,170599971,170607240,170607602,16,362,143,0.607732454667637
9888,170599971,170608052,170608416,16,363,118,0.8310431617780322
9889,170599971,170608646,170609010,16,364,141,0.20819603276596577
9890,170599971,170609338,170609700,16,362,55,0.3848718721764096
9891,170599971,170610330,170610695,16,364,55,0.8538757085773017
9892,170599971,170611036,170611398,16,362,50,0.12266358998402282
9893,170599971,170600257,170600620,4,363,52,0.5954117559139667
9894,170599971,170600758,170601122,4,363,43,0.7077164264580673
9895,170599971,170601703,170602068,4,364,29,0.09565590136057567
9896,170599971,170602084,170602449,4,364,52,0.5048197878353423
9897,170599971,170603148,170603512,4,363,34,0.18734516797367595
9898,170599971,170603622,170603986,4,364,54,0.9999970985890971
9899,170599971,170605561,170605924,4,363,57,0.2950997374079273
9900,170599971,170606011,170606375,4,363,43,0.3128920773529138
9901,170599971,170606412,170606774,4,362,62,0.686464790921462
9902,170599971,170606840,170607203,4,363,41,0.3640113444988171
9903,170599972,170601960,170602323,8,362,38,0.07178914347580245
9904,170599972,170603097,170603461,8,364,70,0.15293995289474982
9905,170599972,170606024,170606387,8,363,33,0.596312874496504
9906,170599972,170606607,170606969,8,362,120,0.18990016269443033
9907,170599972,170606985,170607347,8,362,44,0.228044612633034
9908,170599972,170607748,170608110,8,362,142,0.7887457501230659
9909,170599972,170608137,170608500,8,362,44,0.5863760587287226
9910,170599972,170608658,170609022,8,364,31,0.5887250810671005
9911,170599995,170599995,170600238,1,242,28,0.543975606718848
9912,170600001,170600001,170600010,1,9,17,0.6693410638334345
9913,170600021,170600025,170600528,1,502,21,0.01182618807275404
9914,170600035,170600063,170600123,1,59,77,0.05717768173402937
9915,170600035,170600035,170600103,1,67,56,0.30742859978261927
9916,170600035,170600035,170600103,1,67,57,0.060318327725930376
9917,170600035,170600035,170600103,1,67,55,0.9212224366920463
9918,170600035,170600035,170600103,1,67,56,0.01756903873773863
9919,170600035,170600035,170600103,1,68,58,0.3499085189015132
9920,170600035,170600035,170600103,1,67,57,0.9648032218253281
9931,170600035,170600063,170600123,1,59,56,0.055550079907087824
9932,170600035,170600063,170600123,1,60,57,0.48980090483257455
9933,170600035,170600063,170600123,1,59,78,0.18388603860701924
9921,170600039,170600074,170600136,1,62,20,0.40797435305866503
9922,170600043,170612293,170614457,1,2163,36,0.4877854950592516
9923,170600043,170616945,170619107,1,2162,38,0.8022487351653146
9924,170600043,170635586,170637749,1,2163,41,0.21396683841569353
9925,170600043,170637750,170639913,1,2163,40,0.8610157826499458
9926,170600044,170612318,170614481,1,2162,71,0.41717084483033895
9927,170600044,170616945,170619107,1,2162,39,0.20236389426172496
9928,170600044,170635586,170637749,1,2163,43,0.8574284739529641
9929,170600044,170637750,170639913,1,2163,38,0.28541038932351315
9930,170600062,170600063,170600154,1,91,21,0.6230319953482238
9934,170600084,170600084,170600235,1,151,90,0.8219707322217646
9935,170600090,170600091,170604741,1,4650,86,0.7323299489694624
9936,170600091,170606324,170609241,1,2916,128,0.4750428580384233
9937,170600091,170609252,170612725,1,3473,109,0.8725270435682455
9938,170600091,170612931,170616588,1,3657,84,0.34030604366943873
9939,170600091,170616916,170620206,1,3289,84,0.011888133456715466
9940,170600091,170624487,170628258,1,3771,85,0.06339607309230322
9941,170600091,170628856,170632038,1,3182,83,0.1314651510348589
9942,170600091,170632738,170635436,1,2698,84,0.49685790523752804
9943,170600091,170635440,170637570,1,2130,82,0.606568103114551
9944,170600091,170637572,170641263,1,3690,85,0.3713320614961655
9945,170600091,170641341,170643788,1,2447,82,0.8158724101954637
9946,170600091,170643790,170646981,1,3191,81,0.13157369922106044
9947,170600091,170646983,170650528,1,3545,82,0.41498430276192144
9948,170600091,170650530,170653599,1,3069,82,0.5940979132893457
9949,170600091,170653601,170656338,1,2736,80,0.22253874329474466
9950,170600091,170661084,170663313,1,2229,79,0.8274042091184758
9951,170600091,170665644,170668719,1,3075,82,0.6862347273110886
9952,170600091,170668721,170670499,1,1778,416,0.7063788099832512
9953,170600091,170671704,170674490,1,2786,82,0.45008616707204896
9954,170600099,170600099,170601001,1,902,24,0.5272319506661537
9955,170600133,170600133,170600142,1,9,18,0.34582918206195934
9956,170600157,170600157,170600165,1,7,19,0.06765139318680402
9957,170600160,170600160,170600188,1,27,134,0.2699383992053985
9958,170600169,170600183,170603062,1,2879,82,0.8869391396902336
9959,170600189,170600189,170600207,1,18,62,0.03624685385581372
9960,170600196,170600197,170600518,1,320,65,0.9503050567792574
9961,170600196,170600229,170600517,1,288,66,0.8524035943172453
9962,170600210,170600246,170600747,1,500,36,0.6173104829488214
9963,170600220,170600221,170600250,1,28,129,0.9978722917266084
9964,170600221,170600221,170600227,1,5,18,0.37258524087704836
9965,170600230,170600246,170601064,4,817,71,0.6744017757745077
9966,170600252,170600252,170608896,1,8644,27,0.07465843471784339
9967,170600254,170600254,170608899,1,8644,21,0.9205641514213522
9968,170600261,170600261,170600317,1,55,64,0.8783072707412138
9969,170600271,170600271,170603287,1,3015,75,0.25476000578942415
9970,170600272,170600272,170600475,1,203,29,0.03597512495379207
9971,170600273,170600273,170600475,1,202,27,0.748830207754999
9972,170600273,170600273,170600278,1,5,33,0.3205029837565657
9973,170600274,170600274,170600277,2,3,33,0.015824714004857632
9974,170600277,170600278,170600282,1,3,34,0.6094659779006647
9975,170600280,170600280,170600475,1,195,28,0.6050969626724728
9976,170600284,170600284,170600287,1,2,34,0.025152569440900385
9977,170600287,170600288,170600308,1,20,129,0.29218331538266307
9978,170600290,170600290,170600833,1,543,36,0.004539602872864035
9979,170600307,170600308,170600381,1,73,40,0.8683780029919611
9980,170600328,170600328,170600356,1,27,63,0.932432285029323
9981,170600345,170600345,170600363,1,18,27,0.016673427953938447
9982,170600347,170600347,170600419,1,72,22,0.21825984669127407
9983,170600351,170600352,170600373,1,21,22,0.8227719228501649
9984,170600352,170600352,170600730,1,377,41,0.9556989554812881
9985,170600354,170600355,170600377,1,21,52,0.8453897092835545
9986,170600356,170600357,170600391,1,34,80,0.9744455914668143
9987,170600362,170612218,170614382,1,2163,491,0.16276017795524
9988,170600368,170612368,170614532,1,2163,492,0.9410052551760167
9989,170600370,170612548,170614712,1,2164,490,0.8821610571376414
9990,170600371,170612585,170614748,1,2163,477,0.2890987740634815
9991,170600373,170612598,170614760,1,2162,492,0.011911403899685258
9992,170600373,170600380,170600742,1,362,32,0.5158895688961918
9993,170600373,170600380,170600742,1,362,31,0.4342273061163292
9994,170600374,170613030,170615193,1,2163,491,0.8223718091740247
9995,170600375,170615154,170616985,1,1830,491,0.16273805346816417
9996,170600376,170600376,170602327,1,1951,264,0.7331486288514341
9997,170600380,170600380,170600386,1,5,17,0.6212626389412379
9998,170600386,170600386,170600578,1,191,27,0.9004082550181695
9999,170600390,170600390,170601022,1,632,40,0.8811329029211277
10000,170600398,170600398,170600405,4,6,22,0.20176478005513399
10001,170600402,170600402,170600413,1,11,32,0.3504906501069658
10002,170600402,170600402,170600813,1,411,18,0.5554038785934249
10003,170600402,170600815,170602912,1,2097,18,0.6431520838407255
10004,170600402,170603096,170605188,1,2092,21,0.6827690248395496
10005,170600403,170605536,170607625,1,2089,24,0.8536049397481845
10006,170600403,170607627,170609720,1,2092,24,0.22385051965373937
10007,170600403,170609878,170611963,1,2085,27,0.540061333432124
10008,170600403,170600403,170600814,1,411,19,0.5984480565418199
10009,170600403,170600817,170602915,1,2097,19,0.6252341783653343
10010,170600403,170603096,170605186,1,2089,43,0.6301339289233105
10011,170600403,170605498,170607585,1,2087,19,0.16080131196006942
10012,170600403,170607590,170609679,1,2088,21,0.7609126493519316
10013,170600403,170609876,170611966,1,2090,21,0.24614436770220205
10014,170600403,170600403,170600816,1,413,18,0.039191112387974236
10015,170600403,170600818,170602916,1,2097,19,0.5187297341680562
10016,170600403,170603096,170605189,1,2092,19,0.42778268040743317
10017,170600403,170605510,170607601,1,2090,19,0.47614384288661127
10018,170600403,170607603,170609693,1,2090,18,0.28699854086123644
10019,170600403,170609878,170611964,1,2086,36,0.5885700693095827
10020,170600405,170600405,170600413,1,7,33,0.2778024447118663
10021,170600417,170600418,170600962,1,544,39,0.6429021201453059
10022,170600417,170600418,170600444,1,25,134,0.5700089526250622
10023,170600418,170600418,170600441,1,22,64,0.8125492276330217
10024,170600427,170600430,170600493,1,62,57,0.4081911832224059
10025,170600427,170600427,170600493,1,65,58,0.9089849709085397
10026,170600427,170600427,170600493,1,65,71,0.4525098519638113
10027,170600427,170600427,170600493,1,65,72,0.06617979307351418
10028,170600427,170600427,170600493,1,65,72,0.26484344838185436
10029,170600427,170600427,170600493,1,65,71,0.21936013315523095
10030,170600427,170600427,170600493,1,65,72,0.587645411437635
10031,170600429,170600431,170600493,1,62,57,0.4557334450502861
10032,170600429,170600430,170600493,1,62,57,0.24215820192282356
10033,170600429,170600430,170600493,1,62,57,0.6674572038842359
10034,170600429,170600430,170600493,1,62,58,0.27000950086259023
10035,170600429,170600431,170600493,1,62,58,0.5359784706839315
10036,170600429,170600431,170600493,1,62,57,0.0194403077740829
10037,170600429,170600431,170600493,1,62,57,0.07215154242159039
10038,170600450,170600451,170600476,1,25,111,0.7684276864291473
10039,170600456,170600458,170600643,1,184,88,0.8686315288268558
10040,170600458,170600486,170601388,1,901,48,0.790037960549459
10041,170600459,170600459,170600531,2,71,36,0.32695737401923775
10042,170600467,170600486,170600561,1,74,36,0.3307210944730421
10043,170600468,170600486,170600561,1,75,22,0.11313301971394041
10044,170600468,170615476,170616559,1,1082,491,0.7286421251832207
10045,170600469,170600564,170606557,60,5993,98,0.7192438385605957
10046,170600470,170616151,170616559,1,407,488,0.4637825972228913
10047,170600475,170600486,170601387,1,900,47,0.4587848160597925
10048,170600478,170600486,170600492,4,5,39,0.750600267412574
10049,170600482,170600483,170600486,1,2,19,0.25872281229938154
10050,170600483,170600486,170601210,1,723,56,0.6473086606832018
10051,170600483,170600486,170601210,1,723,28,0.8533064296066615
10052,170600485,170600485,170600848,1,363,28,0.3371882101581234
10053,170600486,170600486,170600848,1,362,40,0.0006028571382828973
10054,170600490,170600490,170600497,1,7,19,0.23188130595805734
10055,170600490,170600490,170600854,1,364,31,0.24457851352787607
10056,170600501,170600503,170600567,1,63,128,0.17579225051961422
10057,170600515,170600515,170602446,1,1931,66,0.011494262963737456
10058,170600515,170600516,170602446,1,1930,84,0.3128069427774167
10059,170600528,170600530,170601032,1,502,80,0.28267391380032614
10060,170600539,170600540,170604859,1,4319,219,0.4537167569107372
10061,170600541,170600545,170600589,1,44,41,0.1625568704323218
10062,170600543,170600543,170600568,1,24,104,0.19663062495204342
10063,170600568,170600569,170600589,1,20,39,0.16317666625109206
10064,170600573,170600574,170602548,1,1973,215,0.9857533261001016
10065,170600587,170600591,170600693,2,102,39,0.508322653611802
10066,170600597,170600597,170600750,1,153,31,0.9341918933322622
10067,170600599,170600600,170600685,1,85,28,0.21276811286736175
10068,170600620,170600620,170600697,1,77,20,0.3037145329583477
10069,170600621,170600630,170600701,1,70,28,0.2110430780869813
10070,170600639,170600639,170600746,1,107,47,0.5347336062052661
10071,170600646,170600646,170601181,1,534,96,0.7242485100708796
10072,170600662,170600662,170600672,1,10,101,0.41707509193023284
10073,170600670,170606363,170607786,16,1423,166,0.5651501019530664
10074,170600670,170606375,170607771,16,1395,161,0.8776718181116802
10075,170600670,170606375,170607755,16,1380,182,0.11252031749382363
10076,170600670,170606396,170607745,16,1348,164,0.4331326304558317
10077,170600670,170606404,170607808,16,1403,163,0.13932285215234308
10078,170600670,170606420,170607804,16,1384,149,0.8478051126199359
10079,170600670,170606451,170607745,16,1294,258,0.09054114790133094
10080,170600670,170606555,170607745,16,1190,170,0.9401373574716181
10081,170600675,170606560,170607834,16,1274,162,0.5111567345340724
10082,170600676,170606560,170607771,16,1211,168,0.9520910206697485
10083,170600676,170606560,170607740,16,1180,162,0.9818436249522721
10084,170600676,170606568,170607826,16,1257,175,0.9105310584740963
10085,170600676,170606670,170607771,16,1101,217,0.56886550496692
10086,170600676,170606695,170607714,16,1018,161,0.5381273355189761
10087,170600676,170606751,170607806,16,1055,164,0.5803189213193293
10088,170600676,170606751,170607829,16,1078,150,0.5207959208718921
10089,170600676,170606751,170607808,16,1057,181,0.3802317320696055
10090,170600676,170606751,170607825,16,1074,163,0.12428545955485382
10091,170600676,170606787,170608950,16,2163,116,0.6516158930252418
10092,170600676,170607715,170607721,16,5,157,0.08556630797264908
10093,170600676,170607723,170607728,16,5,157,0.007294152290846734
10094,170600677,170607730,170607735,16,5,47,0.8327836384696222
10095,170600677,170607737,170607742,16,5,47,0.06845960300637577
10096,170600685,170600686,170600700,1,13,36,0.6432818229916487
10097,170600691,170606864,170606876,2,11,37,0.9618594247730176
10098,170600696,170600702,170601072,1,369,36,0.9096656453684651
10099,170600698,170600732,170600776,2,43,38,0.555481406350475
10100,170600700,170600700,170600979,1,279,37,0.6370666816087387
10101,170600702,170600850,170600861,2,11,32,0.6941615251908143
10102,170600706,170600706,170600741,1,35,34,0.8137802618775093
10103,170600708,170600709,170602593,1,1883,276,0.16750836116964007
10104,170600709,170600710,170605042,1,4332,321,0.5640521384272754
10105,170600714,170600734,170600738,4,4,78,0.06236698067504198
10106,170600715,170600716,170600721,1,4,19,0.2969543894932697
10107,170600724,170600724,170602974,1,2249,233,0.1854991375510342
10108,170600731,170600731,170601055,1,324,25,0.7300340063327649
10109,170600743,170600744,170600757,4,13,23,0.5830170615564266
10110,170600743,170600794,170600854,1,60,34,0.979713294613448
10111,170600743,170600794,170600854,1,60,31,0.23140686860734994
10112,170600747,170600748,170601248,1,500,21,0.46796955391383643
10113,170600747,170600748,170600827,1,79,137,0.8681835375042407
10114,170600748,170600748,170600759,1,10,30,0.41867228831527403
10115,170600749,170600750,170603194,1,2444,330,0.7924151572707231
10116,170600750,170600752,170600755,1,2,26,0.0865998460070182
10117,170600755,170600757,170600786,1,29,55,0.8857141985652928
10118,170600777,170600794,170600886,2,91,35,0.5901677607248953
10119,170600787,170600787,170601795,2,1007,221,0.814270609864456
10120,170600793,170600793,170601695,1,901,24,0.10665866793950063
10121,170600793,170600793,170601693,1,899,23,0.06043197062981276
10122,170600824,170600824,170600827,1,2,16,0.7310679634914508
10123,170600825,170600825,170600827,1,2,18,0.9759017459589971
10124,170600849,170600850,170601899,1,1049,21,0.34942544349097093
10125,170600854,170600855,170601899,1,1044,38,0.6808083967589375
10126,170600855,170600855,170601899,1,1044,22,0.09683988537308752
10127,170600855,170600856,170601894,1,1038,25,0.4367070271682386
10128,170600855,170600856,170601894,1,1038,24,0.524893191683384
10129,170600856,170600856,170601894,1,1038,25,0.19844901414674687
10130,170600856,170600867,170600942,1,75,32,0.9318160227046867
10131,170600856,170600867,170600942,1,75,34,0.9543692096364585
10132,170600856,170600856,170601895,1,1038,22,0.8879911134834465
10133,170600856,170600856,170601894,1,1038,27,0.10082119294804959
10134,170600857,170600857,170601894,1,1037,25,0.9564921530398729
10135,170600857,170600857,170601894,1,1037,24,0.1845812626560468
10136,170600857,170600858,170601894,1,1036,23,0.894627435301578
10137,170600858,170600858,170601894,1,1036,25,0.6147665789473213
10138,170600858,170600858,170601910,1,1051,24,0.6650387136976325
10139,170600858,170600859,170601905,1,1046,25,0.3185631893471814
10140,170600858,170600859,170601905,1,1046,23,0.720904901016439
10141,170600859,170600859,170601909,1,1050,25,0.695650665791921
10142,170600859,170600859,170601905,1,1045,24,0.6873238840902456
10143,170600859,170600860,170601909,1,1049,23,0.7402410745146984
10144,170600860,170600860,170601905,1,1045,24,0.22657825885813443
10145,170600860,170600860,170601905,1,1044,24,0.7061635876264651
10146,170600864,170600864,170600889,1,25,55,0.9819842060992531
10147,170600865,170600865,170601247,1,382,22,0.7517766700919076
10148,170600870,170600891,170600921,2,30,24,0.980088105634322
10149,170600890,170600890,170600960,1,69,37,0.6468927456670552
10150,170600890,170601014,170601265,2,250,87,0.9302742916707106
10151,170600890,170600890,170600894,2,3,31,0.12324604452367827
10152,170600891,170600928,170600952,2,24,54,0.9440774656640598
10153,170600892,170601437,170601682,2,245,86,0.8883308086844532
10154,170600893,170600990,170601008,4,18,55,0.6033900685548232
10155,170600894,170600990,170601009,8,19,55,0.4324318000193067
10156,170600894,170600965,170600986,16,20,56,0.4578320919128195
10157,170600894,170600895,170601219,2,324,30,0.08561664238436228
10158,170600895,170600965,170601029,32,63,43,0.21420514052488848
10159,170600898,170600940,170609580,1,8639,73,0.0190861390002508
10160,170600904,170600904,170600928,1,23,38,0.49142341341235196
10161,170600906,170601387,170601398,4,10,23,0.7230017510048854
10162,170600907,170601387,170601408,4,20,58,0.8819986334144523
10163,170600926,170600940,170603194,1,2253,283,0.26072430381743106
10164,170600929,170600953,170601129,1,176,34,0.006073370154087487
10165,170600929,170600953,170601129,1,176,31,0.5631952770966957
10166,170600935,170600990,170601229,1,239,33,0.975309412929992
10167,170600939,170600939,170600943,1,4,30,0.1818814898676322
10168,170600958,170600958,170601035,1,77,62,0.7337341354848762
10169,170600969,170600969,170600997,1,28,61,0.22253761936341876
10170,170600969,170600990,170600995,1,5,29,0.14660985920620462
10171,170600972,170600977,170601011,1,33,31,0.8022183241430638
10172,170600973,170601012,170601043,1,31,53,0.5456752573954848
10173,170600974,170601009,170601021,1,12,53,0.29232932356695207
10174,170600976,170600990,170601533,1,543,37,0.8864336969881699
10175,170600977,170601023,170601083,1,60,75,0.7267206070111484
10176,170600978,170606864,170606882,2,18,41,0.9142788689274296
10177,170600980,170600999,170601008,1,9,61,0.2257824306382854
10178,170600990,170601100,170609658,1,8557,32,0.08089756569064555
10179,170601001,170601039,170601939,1,900,24,0.8914639430096445
10180,170601012,170601092,170609736,32,8644,354,0.6418706957645298
10181,170601027,170601027,170601038,1,10,30,0.6336237743602208
10182,170601032,170601039,170601542,1,503,23,0.9300948547734295
10183,170601034,170601037,170601053,1,16,53,0.1250536297426761
10184,170601035,170601461,170601469,4,8,22,0.2966006625293226
10185,170601040,170601570,170610214,32,8643,354,0.31125112416385625
10186,170601051,170601051,170601073,1,21,45,0.7106676155302731
10187,170601054,170601055,170601078,1,22,49,0.20560275657929983
10188,170601055,170601055,170601419,1,363,41,0.790668559721852
10189,170601056,170601056,170601086,1,29,75,0.015503002075341388
10190,170601069,170601092,170601111,2,19,45,0.8976647642555663
10191,170601069,170601092,170601111,4,19,47,0.36190028085135384
10192,170601069,170601076,170601140,8,64,53,0.1588721471150124
10193,170601070,170601088,170601769,1,680,20,0.1509364583158841
10194,170601070,170601088,170601769,1,680,59,0.8125197305626549
10195,170601082,170601088,170601248,1,160,48,0.3532157475156674
10196,170601082,170601082,170601090,1,7,51,0.393028282722682
10197,170601096,170601274,170601297,16,23,69,0.6904206305965428
10198,170601102,170601125,170601248,32,123,38,0.5990225714159733
10199,170601103,170601137,170601260,64,122,61,0.9873951660745512
10200,170601103,170601426,170601548,128,122,413,0.6657490383757776
10201,170601104,170601365,170601488,256,123,125,0.07031505046933229
10202,170601105,170601502,170601626,256,124,125,0.8248654841607387
10203,170601106,170601562,170601686,128,124,413,0.09373604755859188
10204,170601106,170601640,170601764,64,124,105,0.12265187021506307
10205,170601107,170601424,170601548,32,124,257,0.04179981081917861
10206,170601131,170601131,170601253,1,122,75,0.016847526352785525
10207,170601146,170601146,170601272,1,125,62,0.5831898307996755
10208,170601156,170601387,170606525,1,5138,22,0.5390649954852254
10209,170601159,170601387,170607448,1,6060,20,0.5086130239307952
10210,170601180,170601180,170601223,1,42,67,0.0882751905705359
10211,170601190,170601190,170601203,1,12,80,0.26683664535375395
10212,170601196,170601205,170601229,1,23,94,0.4533896680157389
10213,170601198,170608646,170609893,4,1246,179,0.9987337303248729
10214,170601198,170611993,170613242,4,1248,175,0.64821527090401
10215,170601198,170614982,170616225,4,1243,175,0.77686077972941
10216,170601198,170616422,170617681,4,1258,183,0.4138176686591879
10217,170601198,170617820,170619086,4,1266,176,0.31089211175844755
10218,170601198,170635145,170636398,4,1252,178,0.7751306196965678
10219,170601198,170636400,170637645,4,1245,174,0.29124805747685345
10220,170601198,170637646,170638899,4,1252,183,0.3098895395529089
10221,170601198,170639073,170640319,4,1246,173,0.20143462895246755
10222,170601198,170640444,170641715,4,1271,176,0.7459179067951189
10223,170601198,170641774,170643036,4,1262,176,0.11288400727108927
10224,170601198,170643112,170644370,4,1258,191,0.5194407256970195
10225,170601198,170645805,170647052,4,1247,176,0.6158273760662601
10226,170601198,170647448,170648695,4,1246,176,0.6240323150875354
10227,170601198,170649904,170651160,4,1256,197,0.48014749925717826
10228,170601198,170654331,170655596,4,1264,179,0.5705037678749558
10229,170601198,170657110,170658357,4,1246,186,0.471655585329812
10230,170601198,170658453,170659721,4,1268,177,0.5559245340522456
10231,170601198,170661234,170662481,4,1246,176,0.14630145830765617
10232,170601198,170662785,170664039,4,1254,177,0.9004197953199237
10233,170601198,170665804,170667060,4,1255,175,0.18966268318754376
10234,170601198,170667067,170668309,4,1242,175,0.5281063771734356
10235,170601198,170668314,170669561,4,1246,172,0.3978945027407398
10236,170601198,170669664,170670916,4,1252,189,0.5936324212729914
10237,170601199,170672368,170673629,4,1260,193,0.08696095054737496
10238,170601199,170673631,170674871,4,1240,180,0.5481607640990551
10239,170601210,170601362,170602085,1,723,91,0.5137292906709501
10240,170601210,170601374,170602099,1,724,26,0.8423740210826723
10241,170601216,170601224,170601257,1,32,26,0.8605632853262555
10242,170601220,170601224,170601564,2,339,67,0.7204703054094878
10243,170601222,170601325,170602571,2,1246,24,0.01826447099399653
10244,170601224,170601230,170601244,1,13,94,0.4275933516502983
10245,170601226,170601245,170601258,1,12,94,0.6766939599190357
10246,170601227,170601648,170601991,2,343,23,0.6128244952728772
10247,170601232,170601374,170601379,4,5,20,0.4740501489401884
10248,170601232,170601461,170602488,1,1027,24,0.30771143501216747
10249,170601233,170601461,170602167,1,706,27,0.9249778734122172
10250,170601248,170601374,170601874,1,499,22,0.8436879926503346
10251,170601252,170601254,170601281,1,27,19,0.6982072286621306
10252,170601277,170601312,170602694,1,1381,44,0.8660009961947612
10253,170601277,170601277,170601299,1,22,75,0.6603127722084478
10254,170601290,170601290,170601322,1,32,42,0.45306038479931277
10255,170601292,170601292,170601302,1,10,71,0.12094058829618981
10256,170601293,170601293,170602017,1,723,58,0.8299934565897751
10257,170601293,170601362,170601906,1,543,29,0.5281698965034788
10258,170601293,170601293,170601334,1,40,59,0.5319197017646079
10259,170601301,170601301,170601329,1,27,75,0.08556717413894521
10260,170601302,170601312,170601317,1,4,18,0.4245772103945954
10261,170601313,170601606,170610251,16,8644,96,0.5997921235844855
10262,170601319,170601606,170610251,8,8644,78,0.06088838911705152
10263,170601339,170601340,170601346,1,6,59,0.5861804467552058
10264,170601345,170601345,170601381,1,35,29,0.9364576194397621
10265,170601354,170601354,170601390,1,36,38,0.4706713287835974
10266,170601364,170601365,170601373,1,7,58,0.2190425133630114
10267,170601373,170601387,170602178,1,790,23,0.8395251012760675
10268,170601382,170601437,170607195,1,5758,416,0.18901075260956113
10269,170601387,170601387,170602290,1,902,25,0.6307110582929273
10270,170601388,170601437,170602338,1,901,23,0.985391548022309
10271,170601396,170601437,170610081,1,8644,181,0.6621553440442306
10279,170601396,170601437,170610028,1,8591,195,0.19287563180150435
10280,170601396,170601437,170610081,1,8644,195,0.9768064365908915
10281,170601396,170601437,170610033,1,8596,181,0.2744080238953098
10282,170601396,170601437,170609948,1,8511,183,0.03335302923931105
10283,170601396,170601437,170610081,1,8644,182,0.6400955732760355
10272,170601405,170601405,170601412,1,6,37,0.8824445536147821
10273,170601411,170601424,170601430,4,5,55,0.526180561540992
10274,170601421,170601422,170601429,1,7,37,0.5305457619211397
10275,170601428,170601428,170601463,1,34,37,0.4930334395625786
10276,170601429,170601430,170601500,1,70,19,0.18772331414163335
10277,170601433,170601433,170601446,1,12,43,0.6914526764018094
10278,170601433,170601434,170601453,1,19,74,0.7552046569340375
10284,170601451,170601451,170601490,1,38,64,0.8114601763441931
10285,170601454,170601454,170601554,1,100,62,0.7964847218541997
10286,170601455,170601455,170601476,1,20,82,0.4523513202141275
10287,170601469,170601469,170601574,1,104,267,0.9397482415644203
10288,170601478,170601480,170601557,8,77,33,0.20014448115718964
10289,170601504,170601594,170601604,4,9,33,0.20102069992148375
10290,170601507,170601606,170601614,4,7,78,0.9149373476720687
10291,170601512,170601522,170601613,1,91,61,0.6690177676720912
10292,170601512,170601522,170601613,1,91,62,0.6051323016306024
10293,170601519,170601520,170601545,1,25,42,0.5402798884101838
10294,170601519,170601519,170601572,1,52,108,0.5867806044510173
10295,170601521,170601522,170601573,1,51,108,0.32620489928390195
10296,170601525,170601525,170601573,1,48,108,0.7037548687467908
10297,170601527,170601527,170601574,1,46,112,0.7896600137768864
10298,170601542,170601570,170602073,1,502,23,0.8744409721080566
10299,170601546,170601570,170602104,1,533,18,0.14777783057562777
10300,170601553,170601556,170601564,1,8,42,0.8454413538472857
10301,170601554,170601606,170602815,2,1208,96,0.7716694571276616
10302,170601555,170601555,170601559,8,4,44,0.8593605073822881
10303,170601556,170601556,170601564,1,7,46,0.33609204702115214
10304,170601558,170601566,170601574,2,8,45,0.013786925109374737
10305,170601563,170601646,170601676,1,30,83,0.022624355324662115
10306,170601565,170601576,170602299,1,723,71,0.10439307892784466
10307,170601569,170601643,170601970,1,326,23,0.6982504145101278
10308,170601574,170601576,170601684,1,108,267,0.2732201351616277
10309,170601580,170601582,170601599,4,16,24,0.19790872834051854
10310,170601583,170601584,170602620,1,1036,134,0.5153207350017497
10311,170601602,170601606,170601615,4,8,91,0.1961638322709064
10312,170601607,170601632,170601642,4,9,58,0.22909723135311244
10313,170601612,170601618,170603194,1,1575,215,0.5765672077335817
10314,170601617,170601618,170601644,1,26,59,0.6921521051767953
10315,170601620,170601643,170602367,1,724,69,0.548223967804718
10316,170601621,170601621,170602409,1,787,132,0.7166719565492458
10317,170601623,170601624,170602721,1,1097,129,0.7402653925371598
10318,170601627,170601627,170602441,1,814,129,0.9597360887597994
10319,170601630,170601640,170601645,4,5,34,0.8672876611451639
10320,170601631,170601640,170603318,4,1677,51,0.4718534816561758
10321,170601634,170601640,170601661,1,20,17,0.5897593111582979
10322,170601638,170601643,170601646,2,2,21,0.059523535765668045
10323,170601641,170601641,170601699,1,58,25,0.4689715576447674
10324,170601662,170601663,170601668,4,5,35,0.911687341261858
10325,170601663,170601663,170601677,1,14,19,0.9574521052666083
10326,170601674,170601674,170601679,1,5,18,0.7852122319804916
10327,170601677,170601677,170603194,1,1517,215,0.8711080028076194
10328,170601678,170601786,170601798,1,11,19,0.9423524429657797
10329,170601678,170601679,170603334,1,1655,349,0.22415544239928842
10330,170601681,170601684,170601704,1,19,56,0.2752433240967511
10331,170601682,170601824,170601881,1,56,19,0.010991842069536406
10332,170601682,170601824,170601881,1,56,22,0.03522560782331019
10333,170601688,170601705,170601924,1,218,56,0.31019552232119496
10334,170601693,170601695,170602593,1,898,24,0.5686408531883193
10335,170601693,170601695,170601698,1,3,19,0.5992053739143682
10336,170601695,170601697,170602606,1,909,24,0.03688017069315719
10337,170601698,170601698,170601703,4,5,34,0.23846192633019958
10338,170601716,170601717,170601729,1,12,93,0.19550888143400846
10339,170601718,170601718,170601767,1,49,28,0.35173600217372725
10340,170601723,170601723,170601727,4,4,19,0.2696167412514221
10341,170601737,170601737,170610380,4,8642,50,0.5446842624522426
10342,170601737,170601737,170610380,4,8642,63,0.7065563671280378
10343,170601743,170601743,170601747,4,4,21,0.5599388304155264
10344,170601747,170601748,170601773,1,24,19,0.3823906114797948
10345,170601749,170601749,170601754,4,5,22,0.5851431027897842
10346,170601750,170601771,170601808,1,37,253,0.09316685998210805
10347,170601762,170601778,170601781,20,3,33,0.508722591723486
10348,170601770,170601997,170602649,1,652,95,0.7223190602886821
10349,170601770,170601997,170602649,1,652,53,0.16952056045744568
10350,170601783,170601783,170601895,1,111,26,0.6130245311596916
10351,170601787,170601787,170601805,4,18,28,0.8932007168442452
10352,170601790,170601792,170601818,4,25,134,0.3632819532340844
10353,170601796,170601810,170601821,2,11,22,0.5572154116805644
10354,170601796,170601796,170601799,1,2,18,0.5112004813894406
10355,170601799,170601800,170601816,1,15,20,0.2964561049755611
10356,170601813,170601813,170601821,4,8,35,0.8460588391431559
10357,170601822,170601823,170601843,1,20,20,0.053085452924808485
10358,170601836,170601837,170601880,4,43,140,0.2536227084493081
10359,170601845,170601846,170602144,1,298,42,0.7058201858896774
10360,170601850,170601851,170604013,1,2162,36,0.853571263467915
10361,170601851,170601851,170601855,4,3,20,0.8587399562826271
10362,170601858,170601858,170601861,4,2,20,0.5768216463622446
10363,170601861,170601862,170602377,1,515,270,0.14685445216607107
10364,170601868,170601935,170602299,32,363,37,0.9795874653809125
10365,170601869,170603096,170603461,64,364,113,0.072004824206096
10366,170601869,170602320,170602683,128,363,117,0.21427783104406073
10367,170601869,170603475,170603839,256,364,330,0.6449961872561842
10368,170601871,170603709,170603762,4,53,26,0.19177282973010334
10369,170601871,170603848,170604212,256,363,114,0.740331566288898
10370,170601871,170602703,170603068,128,364,112,0.8083300613240864
10371,170601872,170603096,170603461,64,364,43,0.31713596738858674
10372,170601872,170602829,170603194,32,365,37,0.6422428513407711
10373,170601874,170601885,170602387,1,501,21,0.3165705025220341
10374,170601874,170601885,170602067,1,182,27,0.9720927695914238
10375,170601875,170601875,170601883,1,7,19,0.8332618797189886
10376,170601879,170601883,170601897,1,13,22,0.5963743697383977
10377,170601893,170601897,170601907,1,10,26,0.46609975939201875
10378,170601893,170601897,170601909,1,11,23,0.5510776467977735
10379,170601893,170601935,170601948,1,13,33,0.9346927690916953
10380,170601893,170601935,170601950,1,15,23,0.5844609685355346
10381,170601893,170601935,170601953,1,18,18,0.18856189684544955
10382,170601893,170601935,170601957,1,21,25,0.18700915913868466
10383,170601893,170601935,170601965,1,30,26,0.45093669218900234
10384,170601893,170601935,170601974,1,38,31,0.9694465105024592
10385,170601893,170601935,170601995,1,59,41,0.6229438910922618
10386,170601893,170601935,170602097,1,162,52,0.40874465017567085
10387,170601896,170601896,170601990,1,93,54,0.1371011030199386
10388,170601899,170601899,170601939,1,40,28,0.5520460492690245
10389,170601901,170601935,170602007,1,72,30,0.4063285302852081
10390,170601907,170601907,170601918,1,10,18,0.09521049941332727
10391,170601914,170601923,170601935,1,12,18,0.5677042168208606
10392,170601930,170601935,170602037,1,101,23,0.4696670576728953
10393,170601930,170601932,170601960,1,28,149,0.13290630493070488
10394,170601934,170601962,170602449,1,487,39,0.7335267971130245
10395,170601939,170602009,170602911,1,902,34,0.683217530851787
10396,170601951,170601960,170601965,1,5,18,0.04209111950693323
10397,170601955,170601960,170601969,1,9,33,0.34514803977938946
10398,170601971,170601971,170601993,1,21,95,0.09420243465826161
10399,170601973,170601973,170602003,1,29,37,0.1875835575892998
10400,170601980,170603109,170603483,4,374,179,0.052770519395543
10401,170601980,170601981,170602044,1,62,66,0.6813817127978751
10402,170601994,170601996,170601998,1,2,21,0.42551314310029953
10403,170601994,170603096,170611741,1,8644,92,0.07977672022912285
10404,170601995,170603096,170611733,1,8637,96,0.3891201166512862
10405,170601996,170603096,170611734,1,8637,94,0.5469513490848978
10406,170601997,170603096,170611734,1,8637,93,0.06300324752474196
10407,170601998,170601999,170602046,1,47,121,0.707967067701682
10408,170602001,170602002,170602047,1,45,18,0.715078770383255
10409,170602006,170602006,170602192,1,185,54,0.9077577558470182
10410,170602008,170602273,170602920,1,646,61,0.15061318327799356
10411,170602013,170602050,170602222,1,172,58,0.5788032569192504
10412,170602015,170602075,170602087,1,12,22,0.7283843400035742
10413,170602017,170602020,170602730,1,710,48,0.9171686086231572
10414,170602028,170602225,170602607,1,382,38,0.6249188315784325
10415,170602032,170602048,170602115,1,67,65,0.8483170283740333
10416,170602047,170602059,170602170,1,111,24,0.16362079127431128
10417,170602048,170602049,170602073,1,23,20,0.705488182994936
10418,170602056,170602059,170602074,1,15,20,0.5914143140969147
10419,170602063,170602109,170603663,1,1554,139,0.5038659464633454
10420,170602065,170602703,170604082,1,1378,28,0.7874238366071047
10421,170602065,170603046,170603054,1,8,20,0.8786445379477901
10422,170602065,170603084,170603090,1,6,22,0.5591952982588476
10423,170602065,170603084,170603090,1,6,22,0.10208200816871871
10424,170602065,170603084,170603090,1,6,23,0.6296794121036414
10425,170602065,170603084,170603090,1,6,43,0.5137240643849105
10426,170602065,170603084,170603090,1,6,19,0.6362059805753638
10427,170602065,170603084,170603090,1,6,19,0.1962318261651289
10428,170602065,170603084,170603090,1,6,19,0.24124764196065485
10429,170602066,170603084,170603090,1,6,18,0.38222210835913206
10430,170602066,170603084,170603090,1,6,20,0.681053485338279
10431,170602066,170603084,170603090,1,6,19,0.35736750167077147
10432,170602066,170603084,170603090,1,6,20,0.44029746712498186
10433,170602066,170603084,170603090,1,6,20,0.18372310887100873
10434,170602066,170603236,170604098,2,862,59,0.5007339047352725
10435,170602066,170603236,170604084,2,847,87,0.477707247246573
10436,170602066,170603236,170604081,2,844,85,0.40959716348119224
10437,170602066,170603236,170604069,2,833,57,0.1441945910103154
10438,170602066,170603236,170604061,2,825,58,0.9164758386621215
10439,170602066,170603236,170604079,2,843,58,0.01504085183222259
10440,170602066,170603236,170604063,2,827,59,0.862960962749373
10441,170602066,170603236,170604105,2,869,58,0.5201666053225036
10442,170602066,170603236,170604083,2,846,57,0.8899051476033799
10443,170602066,170603236,170604074,2,838,58,0.17251113977567512
10444,170602066,170603248,170604098,2,849,59,0.5254861942028055
10445,170602066,170603248,170604221,2,972,57,0.14545786509824965
10446,170602066,170603248,170604096,2,848,57,0.46685061640558656
10447,170602066,170603286,170604145,2,858,70,0.9134465800859
10448,170602066,170603324,170604169,2,845,57,0.10207366923576844
10449,170602066,170603324,170604150,2,826,59,0.7840382762878015
10450,170602066,170603349,170604184,2,835,72,0.7718503782312963
10451,170602066,170603547,170604377,2,830,57,0.7437289639567743
10452,170602067,170603560,170604387,2,827,57,0.9692991802853864
10453,170602067,170603622,170604469,2,847,61,0.16718707063507698
10454,170602067,170603646,170604474,2,827,58,0.928163266667725
10455,170602067,170603634,170604532,2,897,58,0.6403961875198212
10456,170602067,170603634,170604510,2,876,58,0.6591545844338853
10457,170602067,170603634,170604557,2,923,58,0.8407626015153519
10458,170602067,170603634,170604510,2,875,72,0.959604773649668
10459,170602067,170603634,170604538,2,903,58,0.5144084401106488
10460,170602067,170603634,170604523,2,889,57,0.5689766609451686
10461,170602067,170603646,170604502,2,856,66,0.4008914735958635
10462,170602067,170603646,170604494,2,847,60,0.6252718871254455
10463,170602067,170603646,170604630,2,983,58,0.8572592442743378
10464,170602067,170603646,170604476,2,829,58,0.08611219487596167
10465,170602067,170603646,170604570,2,923,82,0.9066718109270777
10466,170602067,170603646,170604564,2,917,57,0.526196161912543
10467,170602067,170603646,170604534,2,887,57,0.802404521353289
10468,170602067,170603646,170604543,2,897,81,0.689576512014646
10469,170602067,170603646,170604476,2,829,58,0.017349348119691466
10470,170602067,170603659,170604492,2,833,75,0.47948141317592496
10471,170602067,170603696,170604522,2,825,82,0.6135742348863977
10472,170602068,170603696,170604521,2,824,57,0.7318308357038222
10473,170602068,170603696,170603854,2,157,58,0.6377785484434629
10474,170602068,170603696,170604524,2,827,86,0.18561774310289092
10475,170602068,170603696,170604540,2,843,58,0.73967057355703
10476,170602068,170603696,170604524,2,828,170,0.8618142268255263
10477,170602068,170603696,170604531,2,834,58,0.40673513860567
10478,170602068,170603696,170604533,2,837,58,0.9487901089010153
10479,170602068,170603696,170604523,2,827,58,0.9214452194375077
10480,170602068,170603696,170604547,2,851,58,0.7129094463544806
10481,170602068,170603696,170604552,2,856,103,0.7693449413744627
10482,170602068,170603709,170604548,2,839,58,0.17419108852233767
10483,170602068,170603709,170604556,2,847,59,0.1558463869869794
10484,170602068,170603709,170604548,2,839,57,0.3718473106253908
10485,170602068,170603709,170604543,2,834,70,0.813056271683878
10486,170602068,170603709,170604563,2,853,62,0.4702118045197402
10487,170602068,170603709,170604561,2,852,57,0.3512256081729529
10488,170602068,170603709,170604543,2,834,58,0.8887038482478237
10489,170602068,170603709,170604555,2,846,92,0.2826934270415201
10490,170602068,170603709,170604555,2,846,56,0.7141110109367664
10491,170602068,170603709,170604540,2,831,75,0.4096209631043858
10492,170602068,170603709,170604528,2,819,57,0.7364347487052088
10493,170602068,170603709,170604548,2,839,71,0.842991088284185
10494,170602069,170603746,170604576,2,829,66,0.8698643639752426
10495,170602069,170603746,170604573,2,826,82,0.3713727655520479
10496,170602069,170603746,170604579,2,832,59,0.8833298929169536
10497,170602069,170603759,170604612,2,853,57,0.8606956508020633
10498,170602069,170603759,170604613,2,854,56,0.468046804992167
10499,170602069,170603771,170604585,2,813,57,0.5713402905007141
10500,170602069,170603771,170604594,2,822,58,0.5218112566463304
10501,170602069,170603783,170604613,2,829,57,0.5767782548460306
10502,170602069,170603833,170604714,2,881,91,0.3930197535550266
10503,170602069,170603833,170604662,2,828,76,0.820834324395861
10504,170602069,170603833,170604674,2,841,89,0.8406485845606534
10505,170602069,170603833,170604666,2,832,89,0.16815225717333349
10506,170602069,170603833,170604670,2,836,59,0.2541423218619996
10507,170602069,170603833,170604666,2,833,58,0.8132277813194794
10508,170602069,170603833,170604680,2,847,57,0.716757831074351
10509,170602069,170603833,170604661,2,828,72,0.842138278975415
10510,170602069,170603833,170604715,2,882,60,0.584947446448462
10511,170602069,170603833,170604715,2,882,58,0.9375089804570174
10512,170602069,170603833,170604716,2,882,58,0.2633301616826488
10513,170602069,170603833,170604715,2,881,59,0.1798399004739777
10514,170602069,170603848,170604677,2,829,79,0.3443464615562144
10515,170602070,170603848,170604682,2,833,58,0.03475358654598737
10516,170602070,170603848,170604678,2,829,59,0.19370880041294813
10517,170602070,170603848,170604678,2,829,56,0.9476430304588436
10518,170602070,170603848,170604686,2,838,71,0.4421942954273953
10519,170602070,170603848,170604679,2,830,70,0.6193595918375085
10520,170602070,170603845,170604679,2,833,80,0.5340945098200219
10521,170602070,170603845,170604669,2,824,82,0.6920681167119699
10522,170602070,170603845,170604678,2,833,82,0.2170148462270015
10523,170602070,170603845,170604678,2,833,81,0.3146149860861319
10524,170602070,170603845,170604680,2,835,63,0.8160205302454102
10525,170602070,170603848,170604682,2,833,58,0.24244331225554694
10526,170602070,170603848,170604688,2,839,59,0.17778671954291203
10527,170602070,170603848,170604686,2,837,364,0.10493290126006016
10528,170602070,170603848,170604676,2,827,71,0.25071166491824204
10529,170602070,170603848,170604682,2,833,58,0.8721590898553299
10530,170602070,170603848,170604662,2,813,59,0.5188274233668373
10531,170602070,170603848,170604673,2,824,62,0.1910519138106601
10532,170602070,170603848,170604677,2,828,58,0.46588976515634606
10533,170602070,170603848,170604676,2,827,82,0.8441401206345903
10534,170602070,170603848,170604676,2,827,76,0.7716824146624767
10535,170602070,170603848,170604894,2,1046,58,0.00215123872595413
10536,170602070,170603848,170604692,2,843,61,0.9109210167586023
10537,170602070,170603848,170604675,2,826,58,0.4611536408526097
10538,170602071,170603848,170604679,2,830,103,0.8535403670948514
10539,170602071,170603848,170604696,2,847,59,0.8410973207404847
10540,170602071,170603848,170604697,2,848,58,0.4715503146308675
10541,170602071,170603848,170604746,2,897,58,0.07158375774283421
10542,170602071,170603848,170604682,2,833,103,0.6874696412969192
10543,170602071,170603856,170604679,2,823,58,0.8418354479590177
10544,170602071,170603872,170605314,2,1442,42,0.5781162030385887
10545,170602071,170603872,170604736,2,864,63,0.24536630496039102
10546,170602071,170603872,170604725,2,853,61,0.05065117761649407
10547,170602071,170603872,170604695,2,822,58,0.6895231616933853
10548,170602071,170603872,170604724,2,851,58,0.14712817990220906
10549,170602071,170603872,170604804,2,932,72,0.12565963877129382
10550,170602071,170603872,170604693,2,821,64,0.402453229121005
10551,170602071,170603872,170604695,2,822,65,0.20450736766288913
10552,170602071,170603872,170604722,2,850,59,0.3524451122521859
10553,170602071,170603872,170604755,2,882,59,0.8887162650284209
10554,170602071,170603872,170604711,2,839,62,0.09572333208649642
10555,170602071,170603872,170604715,2,843,58,0.787685027334302
10556,170602071,170603872,170604762,2,889,447,0.576445407072475
10557,170602071,170603872,170604810,2,938,74,0.9322293145162176
10558,170602072,170603872,170604719,2,847,153,0.2598185827954088
10559,170602072,170603872,170604703,2,831,58,0.7815474075982329
10560,170602072,170603879,170604736,2,857,58,0.6745054552686576
10561,170602072,170603887,170604848,2,960,71,0.5003117284912384
10562,170602072,170603900,170604733,2,833,59,0.28233606306446746
10563,170602072,170604063,170604911,2,848,59,0.8892855418950915
10564,170602072,170604065,170604967,2,902,59,0.2711434250866438
10565,170602072,170604071,170604896,2,825,58,0.04997804658883798
10566,170602072,170604075,170604900,2,824,59,0.6163048509027356
10567,170602072,170604080,170604902,2,821,78,0.9965566194841993
10568,170602072,170604082,170604904,2,821,58,0.9709891999898952
10569,170602072,170604083,170604908,2,824,84,0.009673580832880835
10570,170602072,170604084,170604974,2,889,58,0.8168049692186035
10571,170602072,170604097,170604918,2,821,78,0.5191956521242738
10572,170602072,170604100,170604938,2,837,87,0.5346931139449096
10573,170602072,170604100,170604928,2,828,57,0.4609101506130804
10574,170602072,170604106,170604954,2,848,57,0.2312132087394917
10575,170602073,170604152,170604977,2,825,60,0.8858480205726527
10576,170602073,170602418,170602927,1,508,36,0.8578064273754743
10577,170602073,170604152,170604983,2,831,64,0.1681935491911104
10578,170602073,170604171,170605008,2,836,57,0.3131023583746214
10579,170602073,170604185,170605141,2,956,61,0.9883619438336678
10580,170602073,170604225,170605213,2,988,57,0.07014433615792703
10581,170602073,170604379,170605354,2,974,59,0.06182688784531398
10582,170602073,170604390,170605217,2,827,56,0.31580065234232624
10583,170602073,170604470,170605323,2,852,62,0.057345730493398084
10584,170602073,170604477,170605329,2,852,58,0.5068499107999185
10585,170602073,170604478,170605329,2,850,58,0.08320570924014992
10586,170602073,170604491,170605316,2,824,58,0.27209718955639806
10587,170602073,170604493,170605358,2,864,75,0.7253278932373209
10588,170602073,170604495,170605334,2,839,60,0.11719039168369838
10589,170602073,170604504,170605381,2,876,67,0.9823521456547437
10590,170602073,170604511,170605339,2,828,57,0.8581646047248961
10591,170602073,170604511,170605438,2,926,72,0.6313559446846421
10592,170602073,170604526,170605479,2,953,59,0.7169832799109312
10593,170602073,170604526,170605356,2,830,86,0.5983505233350906
10594,170602073,170604524,170605368,2,844,82,0.6310422923820792
10595,170602073,170604524,170605369,2,845,57,0.9342917800070963
10596,170602073,170604526,170605347,2,821,59,0.8793077162238732
10597,170602073,170604526,170605349,2,823,171,0.5872853396318162
10598,170602073,170604530,170605367,2,836,57,0.53354325392678
10599,170602073,170604532,170605390,2,857,58,0.9231507604215525
10600,170602073,170604532,170605378,2,846,61,0.9419267048754462
10601,170602074,170604534,170605488,2,954,58,0.6819107452343812
10602,170602074,170604535,170605376,2,841,58,0.6545937407292525
10603,170602074,170604539,170605474,2,934,58,0.6270427648840172
10604,170602074,170604541,170605363,2,821,58,0.6350484492331715
10605,170602074,170604541,170605366,2,824,76,0.8697435313532537
10606,170602074,170604545,170605363,2,817,58,0.09393562616602447
10607,170602074,170604545,170605386,2,841,71,0.7569552497572972
10608,170602074,170604545,170605488,2,942,82,0.16306398615721107
10609,170602074,170604549,170605372,2,822,59,0.26755941735467503
10610,170602074,170604549,170605372,2,822,57,0.539475763518611
10611,170602074,170604550,170605372,2,822,58,0.05209935584189751
10612,170602074,170604550,170605357,2,806,70,0.039138278088516776
10613,170602074,170604558,170605381,2,822,59,0.22864041132266433
10614,170602074,170604558,170605462,2,903,69,0.1419363200521081
10615,170602074,170604558,170605442,2,883,58,0.1726777443262567
10616,170602074,170604559,170605517,2,958,58,0.6702982853123148
10617,170602074,170604562,170605433,2,870,58,0.7067063866901281
10618,170602074,170604564,170605453,2,889,63,0.13249822167501546
10619,170602074,170604564,170605496,2,931,58,0.7151157322605785
10620,170602074,170604565,170605398,2,832,58,0.7114464064947027
10621,170602074,170604571,170605483,2,911,59,0.44545914689446464
10622,170602074,170604574,170605419,2,845,83,0.8810613485688341
10623,170602074,170604577,170605398,2,821,83,0.24847795324417143
10624,170602074,170604581,170605406,2,824,66,0.6111657556297666
10625,170602074,170604587,170605414,2,827,57,0.6455641400996809
10626,170602075,170604596,170605422,2,826,58,0.6099913191940036
10627,170602075,170604614,170605449,2,834,58,0.23719267016727552
10628,170602075,170604614,170605438,2,824,58,0.9302438682026195
10629,170602075,170604615,170605460,2,845,58,0.6529435275629502
10630,170602075,170604631,170605476,2,845,58,0.2962402427685227
10631,170602075,170604663,170605511,2,847,58,0.5716928298535843
10632,170602075,170604663,170605512,2,848,73,0.6757482143610115
10633,170602075,170604664,170605525,2,861,59,0.264471199723872
10634,170602075,170604667,170605515,2,847,70,0.26578453496250587
10635,170602075,170604667,170605509,2,841,57,0.7090557241938146
10636,170602075,170604671,170605653,2,981,83,0.0851089613314363
10637,170602075,170604672,170605519,2,847,60,0.543295557650687
10638,170602075,170604676,170605519,2,843,62,0.06079999651654877
10639,170602075,170604677,170605532,2,854,71,0.8516487710519787
10640,170602075,170604677,170605532,2,854,57,0.530482804271301
10641,170602075,170604679,170605532,2,852,71,0.7474416104604343
10642,170602075,170604679,170605523,2,843,79,0.08044564247971042
10643,170602075,170604679,170605523,2,844,58,0.2513635794106308
10644,170602075,170604679,170605523,2,844,81,0.3461488741601586
10645,170602075,170604679,170605519,2,840,75,0.007561833890771141
10646,170602075,170604680,170605503,2,823,57,0.9221169575393044
10647,170602075,170604680,170605499,2,818,58,0.378211549829351
10648,170602076,170604680,170605487,2,807,81,0.7418339477628918
10649,170602076,170604680,170605499,2,819,81,0.03406873615434158
10650,170602076,170604681,170605503,2,821,71,0.2867673746663134
10651,170602076,170604681,170605512,2,830,58,0.1745185266976197
10652,170602076,170604681,170605503,2,821,80,0.8657226881327372
10653,170602076,170604681,170605504,2,822,102,0.12019556093135308
10654,170602076,170604682,170605512,2,830,63,0.6475284820451198
10655,170602076,170604683,170605487,2,804,59,0.2794595838096783
10656,170602076,170604684,170605503,2,819,58,0.2715083506058208
10657,170602076,170604684,170605512,2,828,102,0.16787544051169245
10658,170602076,170604684,170605511,2,827,58,0.8485671781938496
10659,170602076,170604684,170605528,2,844,58,0.003667660431976305
10660,170602076,170604688,170605512,2,823,363,0.8862037548161739
10661,170602076,170604688,170605507,2,818,70,0.5750767662463129
10662,170602076,170604689,170605537,2,847,58,0.7585686333414658
10663,170602076,170604694,170605522,2,828,60,0.3469566637059074
10664,170602076,170604695,170605571,2,876,56,0.32981467739799253
10665,170602076,170604695,170605519,2,824,63,0.3310892933253755
10666,170602076,170604698,170605519,2,820,65,0.757188501229344
10667,170602076,170604698,170605544,2,846,57,0.3316148514543694
10668,170602076,170604698,170605520,2,821,58,0.7461233836994197
10669,170602076,170604704,170605527,2,823,57,0.8896541495293264
10670,170602077,170604712,170605547,2,834,61,0.22495680967926368
10671,170602077,170604716,170605544,2,828,72,0.2573736539933337
10672,170602077,170604716,170605626,2,910,58,0.096391007572046
10673,170602077,170604717,170605557,2,840,57,0.7823902211448039
10674,170602077,170604717,170605625,2,908,59,0.11451343672409886
10675,170602077,170604717,170605613,2,895,60,0.11644784557062371
10676,170602077,170604717,170605635,2,918,57,0.4711908718690553
10677,170602077,170604724,170605557,2,833,58,0.18532447364859306
10678,170602077,170604725,170605605,2,879,58,0.6533577789332526
10679,170602077,170604728,170605586,2,858,62,0.48279479184762397
10680,170602077,170604735,170605634,2,899,58,0.643439606046861
10681,170602077,170604736,170605710,2,973,59,0.1529413684160903
10682,170602077,170604737,170605631,2,893,58,0.20396634842356764
10683,170602077,170604737,170605571,2,833,62,0.8129607877394627
10684,170602077,170604747,170605623,2,875,61,0.5390621722833738
10685,170602077,170604755,170605636,2,880,60,0.47950804338495423
10686,170602077,170604763,170605633,2,869,58,0.8781199794554783
10687,170602077,170604805,170605727,2,921,58,0.691809038927281
10688,170602077,170604811,170605740,2,928,71,0.6333566675476232
10689,170602077,170604849,170605666,2,816,62,0.5899395162846357
10690,170602077,170604897,170605709,2,811,57,0.2757568430244932
10691,170602077,170604898,170605723,2,825,57,0.3025583173968083
10692,170602077,170604902,170605732,2,830,60,0.9056479279862403
10693,170602078,170604904,170605736,2,832,79,0.40930480788712287
10694,170602078,170604905,170605749,2,844,59,0.0709581428211018
10695,170602078,170604910,170605843,2,933,85,0.5754624502617195
10696,170602078,170604913,170605864,2,950,58,0.44382845266877435
10697,170602078,170604920,170605840,2,920,78,0.08151702030684072
10698,170602078,170604930,170605749,2,819,58,0.5569061581205025
10699,170602078,170604939,170605850,2,911,57,0.9126088893758193
10700,170602078,170604955,170605982,2,1027,66,0.12640641226833715
10701,170602078,170604969,170605833,2,863,59,0.1827439802092733
10702,170602078,170604976,170605860,2,884,58,0.1678166861910363
10703,170602078,170604978,170605797,2,818,58,0.8492466290639207
10704,170602078,170605011,170605819,2,808,57,0.08651438420813151
10705,170602078,170604984,170605787,2,802,59,0.3862281908260812
10706,170602078,170605143,170605964,2,821,140,0.881074092844152
10707,170602078,170605215,170606042,2,827,58,0.628888691003752
10708,170602078,170605219,170606045,2,826,57,0.853517197403673
10709,170602078,170605318,170606146,2,827,57,0.4592278845542812
10710,170602078,170605324,170606171,2,846,61,0.9217647288873752
10711,170602078,170605328,170606771,2,1443,40,0.44975375372008675
10712,170602078,170605330,170606261,2,931,59,0.44081071821953643
10713,170602078,170605331,170606173,2,841,59,0.362584420210187
10714,170602078,170605336,170606166,2,830,60,0.005541977993485103
10715,170602079,170605341,170606356,2,1015,57,0.8967053990117809
10716,170602079,170605348,170606168,2,819,58,0.1948667603400105
10717,170602079,170605351,170606163,2,812,170,0.9000815717642607
10718,170602079,170605356,170606173,2,817,58,0.059883154702146446
10719,170602079,170605358,170606179,2,821,87,0.1707664284271091
10720,170602079,170605358,170606196,2,837,72,0.271926017383193
10721,170602079,170605359,170606192,2,832,75,0.11991115870524816
10722,170602079,170605364,170606208,2,843,58,0.49541523727257286
10723,170602079,170605365,170606172,2,807,57,0.018313484771304678
10724,170602079,170605368,170606176,2,807,75,0.917590546917855
10725,170602079,170605368,170606190,2,821,57,0.6730143627354219
10726,170602079,170605370,170606189,2,818,83,0.37738849394603613
10727,170602079,170605371,170606197,2,826,57,0.30872661265916523
10728,170602079,170605373,170606193,2,819,57,0.8394264056953303
10729,170602079,170605373,170606193,2,819,59,0.016024589032187397
10730,170602079,170605373,170606193,2,819,58,0.33288880808476906
10731,170602079,170605377,170606208,2,831,58,0.11124254037641024
10732,170602079,170605379,170606225,2,845,58,0.9666599010383554
10733,170602079,170605382,170606225,2,843,59,0.19564005978016297
10734,170602079,170605382,170606208,2,826,61,0.8802143284938135
10735,170602079,170605388,170606248,2,860,70,0.01677520718964487
10736,170602079,170605394,170606239,2,845,57,0.9762813375231859
10737,170602080,170605400,170606239,2,839,57,0.9484447966061915
10738,170602080,170605400,170606222,2,822,83,0.5222121826034339
10739,170602080,170605408,170606229,2,821,67,0.14804551106380037
10740,170602080,170605416,170606257,2,841,58,0.051573962830974596
10741,170602080,170605421,170606252,2,830,83,0.1321084180684322
10742,170602080,170605424,170606246,2,821,58,0.16910701132438177
10743,170602080,170605435,170606305,2,869,57,0.750899004347803
10744,170602080,170605439,170606403,2,963,59,0.4751102042985328
10745,170602080,170605440,170606371,2,930,72,0.7739573157331012
10746,170602080,170605444,170606300,2,856,57,0.540453391384704
10747,170602080,170605450,170606436,2,985,57,0.35833982162589106
10748,170602080,170605455,170606307,2,851,63,0.5910909961821305
10749,170602080,170605461,170606319,2,858,57,0.4606876312072966
10750,170602080,170605464,170606291,2,827,56,0.04553707878244939
10751,170602080,170605475,170606325,2,849,75,0.47256588989620196
10752,170602080,170605477,170606403,2,925,59,0.44082626809479564
10753,170602080,170605481,170606407,2,926,58,0.912850929564247
10754,170602080,170605484,170606316,2,832,59,0.21384481219399498
10755,170602080,170605489,170606402,2,912,59,0.07655546867808971
10756,170602080,170605489,170606333,2,843,82,0.7863016076491519
10757,170602081,170605489,170606316,2,826,58,0.8227909530515081
10758,170602081,170605489,170606439,2,949,134,0.9733742548417564
10759,170602081,170605496,170606476,2,979,59,0.600784108598548
10760,170602081,170605500,170606332,2,831,58,0.9798373825197684
10761,170602081,170605501,170606344,2,843,81,0.18714721539101808
10762,170602081,170605505,170606342,2,836,57,0.4319571337156496
10763,170602081,170605505,170606332,2,826,80,0.36343205783909727
10764,170602081,170605505,170606349,2,843,58,0.7319993646954981
10765,170602081,170605505,170606353,2,848,71,0.010410161821011621
10766,170602081,170605505,170606566,2,1060,60,0.015259455338650474
10767,170602081,170605508,170606332,2,824,102,0.6425169927354482
10768,170602081,170605510,170606340,2,830,72,0.8603124401960601
10769,170602081,170605513,170606340,2,827,58,0.9790131690922904
10770,170602081,170605513,170606342,2,829,57,0.9358875388783735
10771,170602081,170605513,170606336,2,822,56,0.11752448956320116
10772,170602081,170605513,170606340,2,827,58,0.18777756054059846
10773,170602081,170605514,170606335,2,821,364,0.6503769839281841
10774,170602081,170605514,170606335,2,821,63,0.13548540804242892
10775,170602081,170605514,170606317,2,803,102,0.17003502325446151
10776,170602081,170605517,170606340,2,823,70,0.2098480951901932
10777,170602081,170605521,170606342,2,821,65,0.04374837619463656
10778,170602083,170605521,170606503,2,982,58,0.718387943710635
10779,170602083,170605521,170606343,2,822,87,0.6602503812982947
10780,170602083,170605521,170606324,2,803,58,0.28444536886387506
10781,170602083,170605521,170606366,2,845,73,0.8114651300171271
10782,170602083,170605521,170606344,2,823,62,0.9184581835809024
10783,170602083,170605521,170606348,2,827,63,0.6103374433587669
10784,170602083,170605524,170606336,2,812,75,0.6018555069149816
10785,170602083,170605524,170606348,2,824,61,0.558249882547909
10786,170602083,170605525,170606351,2,825,79,0.32927698820497797
10787,170602083,170605526,170606348,2,821,58,0.7756565204386131
10788,170602083,170605523,170606487,2,963,58,0.15419384524194701
10789,170602083,170605529,170606513,2,984,59,0.3930757679052074
10790,170602083,170605529,170606342,2,813,81,0.7467273705352857
10791,170602083,170605534,170606454,2,920,70,0.3511230129458025
10792,170602084,170605534,170606367,2,833,58,0.37865181439232765
10793,170602084,170605534,170606548,2,1014,59,0.7677061629113424
10794,170602084,170605539,170606365,2,826,58,0.5718084381446074
10795,170602084,170605546,170606402,2,856,72,0.2244235625461085
10796,170602084,170605546,170606400,2,854,59,0.7365693264285912
10797,170602084,170605548,170606373,2,825,78,0.8800649636823004
10798,170602084,170605558,170606408,2,850,62,0.5396556058817974
10799,170602084,170605558,170606451,2,893,61,0.7445901368740488
10800,170602084,170605572,170606651,2,1078,61,0.6082485313291714
10801,170602084,170605572,170606445,2,872,60,0.5433239891834647
10802,170602084,170605587,170606416,2,828,58,0.1754107065066275
10803,170602084,170605606,170606469,2,862,63,0.6971300910521577
10804,170602084,170605614,170606504,2,889,58,0.6184821584493606
10805,170602085,170605625,170606522,2,897,63,0.4991152427730132
10806,170602085,170605627,170606627,2,1000,58,0.3896957489753512
10807,170602085,170605628,170606511,2,882,60,0.7354981744773122
10808,170602085,170605632,170606457,2,824,59,0.6296162448847298
10809,170602085,170602089,170602220,1,130,274,0.16932840504772884
10810,170602085,170605633,170606511,2,877,57,0.731880366104358
10811,170602085,170605635,170606496,2,860,59,0.4701251235997769
10812,170602085,170605636,170606521,2,885,58,0.33699295534928364
10813,170602085,170605637,170606504,2,867,75,0.7848979679910875
10814,170602085,170605654,170606481,2,826,60,0.2698820322869627
10815,170602085,170605666,170606572,2,905,71,0.9184369511306241
10816,170602085,170605711,170606625,2,914,147,0.53391013491559
10817,170602085,170605728,170606553,2,824,58,0.25648890953839565
10818,170602085,170605711,170606538,2,826,58,0.3562148937094022
10819,170602085,170605724,170606579,2,855,58,0.40407480601938095
10820,170602085,170605733,170606614,2,880,60,0.009015315567476812
10821,170602085,170605737,170606653,2,915,56,0.820398103589085
10822,170602085,170605741,170606553,2,811,78,0.31660460804044244
10823,170602085,170605750,170606682,2,932,72,0.8283638890505233
10824,170602085,170605751,170606675,2,924,58,0.7186782893728901
10825,170602085,170605789,170606697,2,908,71,0.8347140790688774
10826,170602085,170605798,170606619,2,821,61,0.19649380614389256
10827,170602085,170602096,170602822,1,725,26,0.709568247134559
10828,170602085,170605823,170606652,2,829,57,0.6955250189462956
10829,170602086,170605835,170606697,2,862,59,0.05923164957545124
10830,170602086,170605842,170606668,2,826,79,0.41533385261214295
10831,170602086,170605845,170606668,2,822,84,0.5601171739158975
10832,170602086,170605851,170606759,2,907,58,0.28010795149510537
10833,170602086,170605862,170606733,2,871,59,0.7064224884528131
10834,170602086,170605866,170606693,2,827,58,0.9644975493409372
10835,170602086,170605966,170606851,2,884,58,0.15525624109171843
10836,170602086,170605985,170606854,2,869,58,0.4532630201683021
10837,170602086,170606043,170606895,2,852,57,0.6841926596812271
10838,170602086,170606046,170606896,2,849,57,0.949772892608587
10839,170602086,170606148,170606997,2,849,57,0.2739383184325209
10840,170602086,170602096,170602367,1,270,115,0.5892663766986281
10841,170602086,170606164,170606994,2,829,170,0.6754908893295241
10842,170602086,170606168,170607030,2,861,60,0.6205518913940512
10843,170602086,170606170,170607102,2,931,71,0.633301653724815
10844,170602086,170606174,170607043,2,869,58,0.4752672119822232
10845,170602086,170606174,170607019,2,844,62,0.1641257012291868
10846,170602097,170602148,170602347,1,199,37,0.09676014017390144
10847,170602099,170602171,170602896,1,725,27,0.21795862931111798
10848,170602106,170602224,170602236,1,11,28,0.21438962391173189
10849,170602112,170603211,170603222,4,11,19,0.39712905266686693
10850,170602117,170602121,170602442,1,320,25,0.1213340098933775
10851,170602119,170602121,170602146,1,24,34,0.7976173018471605
10852,170602123,170602134,170602148,1,14,21,0.7965314053477731
10853,170602144,170603236,170603244,4,7,19,0.5602284048877219
10854,170602170,170602184,170602284,1,99,27,0.8546223875053334
10855,170602176,170603135,170608179,2,5043,259,0.7288864103331955
10856,170602196,170602198,170602223,1,25,34,0.7984651384800622
10857,170602199,170602209,170602278,1,68,74,0.6785613996228892
10858,170602209,170602209,170602214,1,4,19,0.12997092157056878
10859,170602210,170602222,170602230,1,8,19,0.00547651326164611
10860,170602220,170602220,170602979,8,758,102,0.006681458108036442
10861,170602220,170602981,170603731,8,750,104,0.8577364704999938
10862,170602220,170603733,170604486,8,752,104,0.04779396439683514
10863,170602220,170604487,170604946,8,458,103,0.04474802585240911
10864,170602220,170604949,170605035,8,86,101,0.07000562413466727
10865,170602220,170605123,170605934,8,811,103,0.1001913301083589
10866,170602220,170605936,170606714,8,777,103,0.26489632776700933
10867,170602220,170606716,170607484,8,768,103,0.9067993394411471
10868,170602220,170607486,170608298,8,811,103,0.48341140183596376
10869,170602220,170608299,170609072,8,772,103,0.46460886432506654
10870,170602220,170609074,170609831,8,757,103,0.9286878886285276
10871,170602220,170609833,170610592,8,758,104,0.3739963255307849
10872,170602221,170610593,170611355,8,761,104,0.9170480479920797
10873,170602221,170611356,170612127,8,770,104,0.9653230951214097
10874,170602221,170612129,170612896,8,766,104,0.3267489350523348
10875,170602221,170612897,170613672,8,774,102,0.18785027432720114
10876,170602221,170613674,170613727,8,53,103,0.8657800943972267
10877,170602221,170613729,170614252,8,523,100,0.5439077410336878
10878,170602221,170614253,170614342,8,88,99,0.3830646581311332
10879,170602221,170617346,170618129,8,783,103,0.7586836736277076
10880,170602221,170618131,170618900,8,768,102,0.6267784853228346
10881,170602221,170618902,170619670,8,768,104,0.06270451903368479
10882,170602221,170619672,170620440,8,768,100,0.46636635956037753
10883,170602221,170620442,170621196,8,754,103,0.14401300601323797
10884,170602221,170621198,170621959,8,761,104,0.03645751029149624
10885,170602221,170621961,170622685,8,723,103,0.19697738361695183
10886,170602221,170622689,170623454,8,765,103,0.8309250645173548
10887,170602221,170623456,170624221,8,764,103,0.38152638351051427
10888,170602221,170624222,170624979,8,756,102,0.8586514656973769
10889,170602221,170624983,170625764,8,780,103,0.42896854527527184
10890,170602221,170625765,170626510,8,744,103,0.41973385397530194
10891,170602221,170626512,170627257,8,744,103,0.31062210966954074
10892,170602221,170627259,170627437,8,177,101,0.5551972946308094
10893,170602221,170627439,170628069,8,629,100,0.49511127087462004
10894,170602221,170628071,170628363,8,291,101,0.4829702116446618
10895,170602221,170628451,170629193,8,742,100,0.24638373269369251
10896,170602221,170629195,170629697,8,501,102,0.700957251979255
10897,170602221,170629700,170630446,8,745,102,0.8074914854100784
10898,170602221,170630447,170631195,8,747,102,0.5599690695386145
10899,170602221,170631197,170631957,8,760,102,0.10627499561214493
10900,170602221,170631959,170632726,8,767,102,0.046354804888108614
10901,170602221,170632728,170633496,8,767,101,0.818367318834209
10902,170602221,170633497,170634260,8,762,101,0.8842524741808746
10903,170602221,170634263,170635035,8,772,102,0.16909291258643344
10904,170602221,170635037,170635797,8,760,103,0.3910385542136523
10905,170602221,170635799,170636554,8,755,102,0.9017290897886046
10906,170602221,170636558,170637313,8,755,101,0.4710347470996026
10907,170602221,170637315,170638074,8,759,101,0.6215980248732107
10908,170602221,170638076,170638848,8,772,102,0.8912749147301151
10909,170602222,170602604,170602625,1,21,34,0.6413198908858031
10910,170602222,170638850,170639613,8,763,102,0.43338816697202664
10911,170602222,170602678,170602688,1,9,31,0.07994054216594615
10912,170602238,170602246,170602250,1,3,15,0.7825580660035627
10913,170602240,170602242,170602264,1,21,20,0.19655630522139966
10914,170602267,170602271,170602274,1,3,15,0.7134325055823137
10915,170602267,170602271,170602600,8,329,37,0.3118582833163096
10916,170602288,170602295,170602405,1,109,121,0.9779573644011371
10917,170602290,170602295,170602306,1,10,19,0.5435433169564987
10918,170602290,170602444,170603349,1,905,28,0.8572702748182673
10919,170602290,170602295,170602404,1,108,99,0.30837595491403447
10920,170602294,170602295,170602394,1,99,25,0.3768408277708887
10921,170602311,170602320,170602324,1,3,19,0.29874863349759406
10922,170602312,170602312,170602321,1,9,17,0.19987613306121743
10923,170602313,170602313,170602316,1,3,41,0.23204112870911386
10924,170602329,170602329,170602354,1,24,44,0.9377467188859734
10925,170602329,170602344,170602699,4,354,26,0.9030405142288349
10926,170602330,170602332,170602341,1,8,18,0.2985268605761703
10927,170602332,170602344,170602355,1,10,18,0.6981029609470469
10928,170602333,170603709,170606202,2,2493,126,0.31374282417200106
10929,170602338,170602456,170603362,1,906,25,0.7125296551321961
10930,170602343,170602344,170602368,1,24,41,0.41776949060098056
10931,170602344,170602363,170602375,1,11,20,0.07055593534766225
10932,170602348,170602348,170602843,1,494,38,0.027005342671985844
10933,170602349,170602356,170602362,1,6,27,0.26660841578706496
10934,170602358,170602370,170602416,1,46,26,0.397107551431648
10935,170602362,170603709,170612351,1,8642,89,0.5400013398546556
10936,170602362,170602369,170602649,1,279,80,0.4610026281516596
10937,170602362,170602369,170602375,1,6,18,0.14193764182564517
10938,170602371,170602381,170602416,1,35,51,0.5904716192958368
10939,170602371,170602658,170603269,2,610,38,0.14111884623526483
10940,170602379,170602381,170602441,1,59,28,0.6750253862453908
10941,170602380,170602468,170603194,1,726,311,0.7214330702090481
10942,170602382,170602447,170602482,1,34,257,0.8781447529297427
10943,170602382,170602483,170603205,1,722,87,0.32934718335258284
10944,170602387,170602456,170602958,1,502,40,0.20426355411493324
10945,170602389,170602394,170602870,1,476,19,0.5744571521660701
10946,170602395,170603084,170603863,1,779,27,0.6908204246998001
10947,170602396,170603084,170603093,1,9,20,0.2211109464908867
10948,170602396,170603096,170604238,1,1142,28,0.17872620228406477
10949,170602399,170602406,170602419,1,12,35,0.9081279866114802
10950,170602401,170602666,170602833,1,167,33,0.28908628244778833
10951,170602403,170602667,170602812,1,144,48,0.933581124623979
10952,170602406,170602406,170603544,1,1138,260,0.5631901193910307
10953,170602406,170602418,170602602,1,184,19,0.942263256531758
10954,170602409,170602451,170602499,1,47,60,0.7050533170796387
10955,170602410,170602443,170605066,1,2622,135,0.13331924532620132
10956,170602411,170602418,170602469,1,50,46,0.6532729503614818
10957,170602413,170602901,170602907,1,6,42,0.010161400854840852
10958,170602419,170603096,170605380,1,2283,297,0.2469371571286112
10959,170602420,170602421,170602445,1,23,23,0.6154736194149255
10960,170602423,170602431,170602441,1,9,23,0.05258646106821607
10961,170602427,170602651,170602664,1,13,18,0.8631073121993212
10962,170602434,170602444,170602454,1,10,34,0.5859956220219001
10963,170602439,170603709,170603733,1,24,23,0.7998831587156023
11229,170602439,170603709,170603733,1,24,21,0.43300886408704853
11230,170602439,170603709,170603733,1,24,23,0.3492349317606759
11231,170602439,170603709,170603733,1,24,22,0.36260328516385876
11232,170602439,170603709,170603733,1,24,22,0.8290419360688679
11233,170602439,170603709,170603733,1,24,22,0.7263037014585844
11234,170602439,170603709,170603817,1,107,27,0.33386559005089045
11235,170602439,170603709,170603733,1,24,22,0.575547940566565
11236,170602439,170603709,170603733,1,24,46,0.46161844891954207
11237,170602439,170603709,170603733,1,24,47,0.42638531353468323
10964,170602443,170602443,170602477,1,33,25,0.5374907048642047
10965,170602458,170602468,170602484,1,15,21,0.031015000888684696
10966,170602472,170602481,170602489,1,8,32,0.2881669317395221
10967,170602473,170603084,170608551,1,5467,67,0.2691977533020148
10968,170602473,170603084,170608551,1,5467,68,0.18027672911567794
10969,170602477,170602481,170602657,1,176,17,0.8331040576171646
10970,170602477,170603709,170605247,2,1538,71,0.7969715644604929
10971,170602480,170602481,170602515,1,34,28,0.342406833093424
10972,170602485,170602493,170602508,1,15,21,0.8388470477586597
10973,170602486,170602493,170602560,1,67,24,0.18917521592248876
10974,170602497,170602604,170609940,1,7335,112,0.524333708134593
10975,170602497,170602531,170602533,1,2,23,0.061318171286527945
10976,170602498,170602604,170610377,1,7773,118,0.0023159932874954325
10977,170602502,170602604,170604620,1,2016,92,0.6228402710513461
10978,170602503,170602505,170602529,1,24,21,0.7949617815265411
10979,170602507,170602604,170605849,1,3244,36,0.5041959510019999
10980,170602513,170603833,170610077,2,6244,40,0.8788017995413719
10981,170602514,170602518,170602881,1,363,27,0.5299570457206605
10982,170602514,170603709,170605260,2,1551,75,0.8105318868344314
10983,170602515,170602518,170602585,1,67,24,0.8758636942235429
10984,170602516,170602518,170602541,1,22,28,0.1218905801930702
10985,170602516,170603709,170605261,2,1551,76,0.1962304028617904
10986,170602516,170603833,170605261,2,1428,79,0.7746914171155032
10987,170602518,170603833,170605262,2,1429,78,0.634273142642129
10988,170602533,170602535,170602629,1,94,124,0.30869205413492606
10989,170602536,170602554,170602571,1,16,29,0.324374172845456
10990,170602536,170603084,170603090,4,6,31,0.29495254081189737
10991,170602537,170603833,170609093,2,5260,84,0.2991400239317059
10992,170602537,170603833,170609093,2,5260,85,0.742489218397528
10993,170602537,170603833,170609094,2,5261,84,0.8700454855249199
10994,170602561,170602651,170602690,1,38,257,0.0657707256437342
10995,170602567,170603084,170603131,4,47,35,0.22220102677617892
10996,170602569,170603833,170612471,1,8638,107,0.6237370484888368
10997,170602570,170603833,170612474,1,8641,108,0.028478823366298256
10998,170602571,170602604,170603450,2,845,35,0.756309243076777
10999,170602587,170602592,170602686,1,94,25,0.853907205333079
11000,170602589,170611413,170611777,16,364,56,0.5684102311544176
11001,170602589,170607215,170607578,4,363,43,0.9112677891254567
11002,170602590,170607699,170608062,4,362,52,0.6865056941972716
11003,170602590,170608076,170608440,4,363,52,0.5390240484322057
11004,170602590,170608453,170608815,4,362,52,0.7391502112790069
11005,170602590,170609325,170609688,8,363,33,0.5382143156513725
11006,170602590,170609833,170610196,8,362,49,0.8995712372094692
11007,170602590,170610330,170610695,8,364,46,0.9894133820719404
11008,170602592,170602604,170602614,1,10,21,0.11401737194115624
11009,170602593,170602691,170603596,1,905,26,0.5919436687914402
11010,170602594,170603833,170612470,1,8637,110,0.43350312475802466
11011,170602595,170603833,170612470,1,8637,109,0.9880648571134945
11012,170602604,170602608,170602648,1,39,63,0.5825376510293457
11013,170602605,170602609,170602654,1,45,135,0.051395580201144875
11014,170602606,170602919,170603824,1,905,23,0.12545261569446242
11015,170602611,170602631,170602634,1,2,40,0.10277705288503758
11016,170602616,170602617,170602630,1,13,69,0.12335509981071091
11017,170602634,170602635,170602656,1,21,35,0.08990576861285315
11018,170602644,170603833,170612472,2,8639,121,0.029182533401544197
11019,170602645,170603833,170612472,2,8639,110,0.6821224131586507
11020,170602645,170603833,170612472,2,8639,108,0.6621425115882031
11021,170602646,170603833,170612472,2,8639,111,0.8385704757394663
11022,170602647,170603084,170611723,1,8639,58,0.8903816060893924
11023,170602653,170602932,170603327,1,395,19,0.8567178790779836
11024,170602653,170602932,170603327,1,395,33,0.9209598418692442
11025,170602653,170602656,170602666,1,9,42,0.2218005678276781
11026,170602655,170602657,170603044,1,387,50,0.11330620847987849
11027,170602656,170602678,170602684,1,5,22,0.08726069736992781
11028,170602657,170602932,170602944,1,12,32,0.29334829351747316
11029,170602657,170602932,170603574,1,642,47,0.5571044613794607
11030,170602657,170602957,170603599,1,641,37,0.1666965541169546
11031,170602657,170602945,170603588,1,643,45,0.31091022044040517
11032,170602657,170602957,170602976,1,18,19,0.2739197390913598
11033,170602657,170602970,170603621,1,650,29,0.5520049078495516
11034,170602657,170602678,170602863,1,184,37,0.7531769279671026
11035,170602657,170602970,170603629,1,659,53,0.8679166450254033
11036,170602657,170602982,170603651,1,668,38,0.7661945284365068
11037,170602658,170603046,170603107,1,61,55,0.4150984993732473
11038,170602658,170603071,170603235,1,163,62,0.020941329534111874
11039,170602668,170603084,170603090,4,6,21,0.038069630453866576
11040,170602670,170602678,170602682,1,3,20,0.7541712506886116
11041,170602671,170602678,170603043,1,365,169,0.5576231633549329
11042,170602683,170603096,170611741,1,8644,66,0.6638571465426992
11043,170602683,170603096,170611741,1,8644,92,0.3778989768953632
11044,170602684,170602724,170603257,1,533,41,0.820231207896796
11045,170602684,170602884,170602902,1,17,23,0.48524405746131993
11046,170602684,170603109,170611753,1,8643,69,0.7528211281922473
11047,170602685,170603109,170611753,1,8643,99,0.4035052763912318
11048,170602685,170603109,170611753,1,8643,95,0.3519940218349894
11049,170602685,170603109,170611753,1,8643,71,0.09232535398843866
11050,170602686,170602691,170602707,1,15,31,0.6373947931631677
11051,170602686,170603109,170611753,1,8643,70,0.5240078697228866
11052,170602687,170602691,170602705,1,13,23,0.7383130828717699
11053,170602694,170602696,170602722,1,25,18,0.6137736998722428
11054,170602700,170603911,170608688,4,4776,39,0.8139835431698215
11055,170602701,170602703,170602720,1,16,17,0.6278104781016711
11056,170602702,170602703,170602719,1,16,18,0.2428641163532087
11057,170602703,170602703,170602723,1,19,18,0.7487196690701802
11058,170602703,170602703,170602723,1,19,27,0.08490015922060723
11059,170602705,170603084,170608581,1,5496,23,0.008405994470468192
11060,170602706,170603833,170612477,4,8644,64,0.9702613979358902
11061,170602711,170602716,170602814,1,98,29,0.14532656525028298
11062,170602717,170603084,170611729,4,8644,60,0.43839400915036664
11063,170602720,170602728,170605508,1,2780,118,0.5106690383802227
11064,170602727,170603084,170611729,4,8645,73,0.19955662250125572
11065,170602727,170602728,170602739,1,10,17,0.7743531299139744
11066,170602732,170602732,170602843,1,110,46,0.5077267907349002
11067,170602734,170602855,170602965,1,110,20,0.71629150872597
11068,170602743,170602845,170602882,1,37,221,0.7483675535624167
11069,170602747,170602778,170602794,1,15,20,0.012117345626980747
11070,170602748,170602791,170602801,1,9,17,0.1069194286006625
11071,170602749,170602906,170603039,1,133,41,0.7355034605102219
11072,170602749,170602804,170602823,1,19,30,0.14614667194918318
11073,170602750,170602829,170602842,1,13,18,0.9726427577765145
11074,170602751,170602829,170602838,1,9,20,0.38761176678768094
11075,170602751,170602829,170602838,1,9,19,0.981102121459814
11076,170602758,170603919,170603923,1,3,32,0.10018890620953858
11077,170602759,170603071,170603195,1,124,22,0.4075956500285415
11078,170602765,170602835,170602838,1,2,22,0.8105774236648338
11079,170602766,170603084,170603239,2,154,20,0.24241030893206728
11080,170602768,170603122,170603551,1,428,111,0.6023467675049917
11081,170602769,170603135,170603563,1,427,87,0.8862553117265577
11082,170602771,170603084,170603217,2,133,23,0.6777383542350421
11083,170602772,170603084,170603175,2,91,40,0.4927846553696903
11084,170602779,170603084,170603239,4,155,34,0.1780775033056804
11085,170602779,170603084,170603185,4,101,23,0.05085731990172804
11086,170602779,170603084,170603143,4,59,28,0.45170211840480967
11087,170602784,170603084,170603175,3,91,24,0.7515056418065511
11088,170602784,170603084,170603240,3,155,24,0.07705558784812794
11089,170602785,170603084,170603185,3,101,24,0.2625383112207097
11090,170602798,170602842,170603026,1,183,55,0.5208490286518048
11091,170602801,170602804,170602822,1,18,52,0.1850381065219161
11105,170602820,170602919,170604347,4,1428,68,0.6561904147410719
11321,170602820,170604349,170605770,4,1421,69,0.7436363842414788
11586,170602820,170605773,170607194,4,1420,67,0.9993667743630483
11775,170602820,170607194,170608618,4,1423,77,0.3557141564356924
11873,170602820,170608619,170610041,4,1421,69,0.24054269056808708
12160,170602820,170610041,170611464,4,1423,76,0.5191178687046035
12725,170602820,170611466,170612890,4,1424,66,0.24580208954754768
13183,170602820,170612892,170614313,4,1420,69,0.3248124123550271
13567,170602820,170614314,170615737,4,1422,68,0.969880197289636
13697,170602820,170615738,170617049,4,1311,414,0.7197893690172601
13803,170602820,170617051,170617644,4,592,86,0.8206286344300424
13804,170602820,170617645,170618922,4,1277,77,0.3428724540966821
13808,170602820,170618923,170618930,4,7,28,0.5054697994798574
11092,170602822,170602919,170603641,1,722,26,0.8585954891485218
11093,170602838,170602844,170603165,1,321,157,0.3206571866295067
11094,170602840,170603998,170611995,16,7997,133,0.0021171494764520293
11095,170602842,170602844,170602899,1,54,138,0.20725151356159321
11096,170602844,170604221,170611214,16,6993,66,0.2823665275528655
11097,170602863,170602889,170602920,1,31,21,0.9202732806593922
11098,170602877,170602906,170602948,1,41,21,0.19211084226191122
11099,170602887,170602893,170603204,1,310,233,0.9537873484258663
11100,170602896,170602932,170603657,1,725,45,0.1713044581800116
11101,170602898,170602906,170602949,1,42,51,0.7940933712863489
11102,170602907,170603324,170603686,1,362,28,0.4222694393889096
11103,170602911,170603109,170604012,1,902,23,0.419974301100724
11104,170602918,170602920,170602946,1,26,33,0.7933003756039863
11106,170602922,170602923,170603162,1,239,23,0.11603623517725781
11107,170602927,170603109,170603612,1,503,22,0.7286281409590999
11108,170602949,170602957,170603159,1,202,19,0.5193066647923046
11109,170602949,170602957,170602973,1,15,19,0.444692127894064
11110,170602951,170602952,170603009,1,56,222,0.1571054757084036
11111,170602952,170602957,170603139,1,182,18,0.60745613373468
11112,170602958,170603135,170603636,1,500,23,0.15529836733844926
11113,170602984,170603577,170603596,1,19,24,0.1446651191837458
11114,170602989,170603033,170603040,2,6,17,0.5408093837566318
11115,170602996,170603146,170603318,1,172,31,0.8324913545859681
11116,170603014,170603020,170603043,1,23,20,0.4450051187605425
11117,170603018,170603139,170603144,1,5,134,0.00046662254831009164
11118,170603019,170603046,170603069,1,23,51,0.2199088678126464
11119,170603049,170603051,170603082,1,31,122,0.1169997689110096
11120,170603071,170603084,170605963,1,2879,41,0.913646256089168
11121,170603082,170603123,170603294,1,170,264,0.1525533124318278
11122,170603086,170603088,170603111,1,23,32,0.1535391413547209
11123,170603093,170603096,170603164,1,67,60,0.24005249463910183
11125,170603093,170603096,170603164,1,67,63,0.0338078390026989
11126,170603093,170603096,170603164,1,68,62,0.7588177992673109
11127,170603093,170603096,170603164,1,67,60,0.4332780694210677
11124,170603095,170603096,170603164,1,67,56,0.16459606525238035
11128,170603095,170603096,170603164,1,67,56,0.8881825212820739
11129,170603095,170603096,170603164,1,68,58,0.6385089607595074
11130,170603095,170603096,170603164,1,67,57,0.09163141280684728
11131,170603095,170603096,170603164,1,67,57,0.9979110357627865
11132,170603115,170603117,170603137,1,20,134,0.9211129689075733
11133,170603148,170603164,170603511,1,347,23,0.22652664117226662
11134,170603151,170603167,170603511,1,344,132,0.8882936997153535
11135,170603160,170603160,170603496,1,335,59,0.2795386633275956
11136,170603161,170603198,170603743,1,544,27,0.6140352922561646
11137,170603162,170603869,170604203,1,333,57,0.31321858147935944
11138,170603163,170603173,170603356,1,182,40,0.3368309923681777
11139,170603178,170603219,170603763,1,544,23,0.001406963343626777
11140,170603195,170603198,170611843,1,8644,36,0.8090147939593125
11141,170603200,170603211,170603893,1,682,166,0.9700740573462141
11142,170603207,170603211,170607748,1,4536,43,0.8984233074009617
11143,170603216,170603248,170603251,1,3,18,0.38504953388012786
11144,170603223,170603236,170608157,1,4921,35,0.20290020435109912
11145,170603223,170603236,170607953,1,4717,40,0.1352882359762434
11146,170603224,170604221,170609714,3,5493,47,0.7697854383907661
11147,170603226,170603236,170608167,1,4930,43,0.35396091554027154
11148,170603227,170604221,170609714,3,5493,47,0.9585129656213849
11149,170603231,170603236,170608125,1,4888,35,0.4294911955001699
11150,170603243,170603248,170603611,1,363,19,0.8276161288020729
11151,170603246,170604221,170609714,3,5493,58,0.5528922127251867
11152,170603257,170603270,170603354,1,84,57,0.9053587123579061
11153,170603263,170603269,170603306,1,36,75,0.76939333324717
11154,170603265,170603265,170603293,1,27,17,0.9728930816852427
11155,170603267,170603270,170603294,1,23,38,0.08427966141862342
11156,170603290,170603308,170603825,1,517,75,0.15639657269966878
11157,170603294,170603296,170603891,2,594,39,0.12299324229176933
11158,170603297,170603299,170603345,1,46,33,0.06858051330073622
11159,170603301,170603311,170603318,16,6,35,0.9929658797939963
11160,170603303,170603324,170608251,1,4927,41,0.27527881867423665
11161,170603303,170603324,170608199,1,4875,39,0.9339608363380875
11162,170603303,170603324,170608166,1,4842,53,0.6949677575473333
11163,170603303,170603324,170608245,1,4920,39,0.2213734361586558
11164,170603308,170603311,170603320,1,8,17,0.059864541070900334
11165,170603317,170603513,170603672,4,159,51,0.0020910771812980844
11166,170603321,170603324,170603459,1,134,161,0.32726115784978116
11167,170603345,170603349,170603376,1,27,20,0.824341594025686
11168,170603349,170603833,170604737,1,903,26,0.25440185326925435
11169,170603349,170603387,170603730,1,343,57,0.7908544559106802
11170,170603349,170603907,170604241,1,334,57,0.6902113783968861
11171,170603349,170603845,170604178,1,333,55,0.7118025339451381
11172,170603349,170603911,170604246,1,335,60,0.6240218963283674
11173,170603349,170603911,170604244,1,333,60,0.6046960013004473
11174,170603349,170603911,170604244,1,332,60,0.6933387126766968
11175,170603349,170603911,170605551,1,1639,64,0.1975005845947747
11176,170603351,170603352,170603376,1,24,34,0.9936359102020373
11177,170603361,170603362,170603545,1,183,18,0.7882989643739118
11178,170603362,170603833,170604737,1,903,78,0.6560578896220614
11179,170603392,170603399,170612041,1,8642,20,0.7654496663876355
11180,170603392,170603461,170612105,1,8644,59,0.684752512701623
11181,170603393,170603473,170612117,1,8644,21,0.6052651155393464
11182,170603393,170603473,170612117,1,8644,20,0.11712661643734235
11183,170603393,170603498,170612141,1,8643,59,0.8299148347788612
11184,170603394,170603510,170612153,1,8643,20,0.012294063658884635
11185,170603394,170603498,170612141,1,8643,21,0.49317835780379027
11186,170603395,170603498,170612141,1,8643,20,0.23035880603750858
11187,170603395,170603498,170612141,1,8643,22,0.3579127688034237
11188,170603396,170603535,170612181,1,8645,20,0.28989162175834937
11189,170603423,170603424,170603435,1,10,19,0.6901775245240188
11190,170603427,170603721,170603762,1,41,57,0.7366016004055739
11191,170603453,170603535,170610289,2,6753,46,0.2754296531124363
11192,170603458,170603709,170608032,8,4323,176,0.942905687792332
11193,170603460,170603956,170603966,4,10,54,0.33903217523847506
11194,170603463,170604103,170604275,4,172,62,0.5666372783691698
11195,170603485,170604221,170604358,4,137,75,0.00025590251796536734
11196,170603499,170603500,170603526,1,25,19,0.7634338726373511
11197,170603507,170603919,170604252,1,333,66,0.07310291971941585
11198,170603507,170603919,170604252,1,333,68,0.20362849419796125
11199,170603507,170603919,170604253,1,334,69,0.1280962894768034
11200,170603507,170603919,170604254,1,335,66,0.025778881120212316
11201,170603507,170603931,170604266,1,334,78,0.5671084269235452
11202,170603507,170603931,170604264,1,332,77,0.11649806621863867
11203,170603507,170603931,170605571,1,1639,82,0.38401586764960904
11204,170603517,170603527,170603575,1,48,24,0.972336893276776
11205,170603579,170603696,170603704,54,7,121,0.9784975522541567
11206,170603593,170603634,170603968,4,333,196,0.603068643850286
11207,170603596,170603833,170604734,1,901,25,0.01583513259990732
11208,170603608,170604029,170604693,2,663,54,0.600453728822059
11209,170603609,170604079,170604740,2,661,56,0.9602319749450364
11210,170603610,170604115,170604767,2,651,59,0.21458983681659027
11211,170603610,170604188,170604846,2,658,71,0.6264610428952162
11212,170603610,170604221,170604874,2,653,55,0.9953929768317843
11213,170603612,170603833,170604335,1,502,23,0.6381791689390317
11214,170603636,170603833,170604333,1,500,23,0.058436676797437026
11215,170603641,170603833,170604557,1,723,28,0.4835037217182764
11216,170603649,170603649,170603699,1,50,24,0.8124688703113602
11217,170603649,170603674,170603721,1,47,26,0.25230813170119604
11218,170603657,170603833,170604558,1,724,29,0.5287945602539991
11219,170603685,170607744,170607750,16,5,148,0.683149142389835
11220,170603685,170607746,170607752,16,5,151,0.3247500655064487
11221,170603685,170607746,170607752,16,5,138,0.05621898382100177
11222,170603685,170607747,170607753,16,5,240,0.03316177766512618
11223,170603685,170607754,170607760,16,5,47,0.4890002461250619
11224,170603685,170607754,170607759,16,5,41,0.05036107414223889
11225,170603686,170607755,170607760,16,5,130,0.3295000373716235
11226,170603691,170603692,170603909,1,217,54,0.22437901485845368
11227,170603696,170603697,170603977,1,279,68,0.00631617655946648
11228,170603707,170603707,170603731,1,24,33,0.1055310696329399
11238,170603723,170604221,170612865,32,8644,31,0.04335206191536989
11239,170603729,170604091,170605656,1,1565,19,0.6490280581865475
11240,170603735,170603759,170603821,1,62,34,0.5116589948948974
11241,170603735,170603820,170603878,1,57,33,0.27103498981322705
11242,170603736,170603833,170603956,1,123,34,0.5058244211878694
11243,170603737,170603833,170603956,1,123,80,0.5938791293212762
11244,170603739,170603833,170603886,1,53,76,0.7634495370875725
11245,170603740,170603833,170603886,1,53,33,0.752044952938206
11246,170603754,170603755,170603810,1,54,194,0.5438297027152387
11247,170603754,170603755,170603818,2,63,24,0.6640112095527902
11248,170603774,170604221,170612684,4,8463,26,0.44381702252775646
11249,170603780,170603780,170603824,1,44,22,0.8028710538121103
11250,170603822,170603823,170604013,2,190,25,0.5144152980460531
11251,170603824,170603901,170604801,1,900,24,0.20750937519062174
11252,170603867,170603919,170603942,1,22,30,0.7208200421049296
11253,170603885,170603887,170603894,1,7,18,0.4212048740487435
11254,170603897,170603900,170604172,1,271,34,0.7679377209068591
11255,170603922,170603922,170603929,1,7,32,0.6848372737045845
11256,170603933,170603935,170603970,1,35,156,0.8457611179095278
11257,170603956,170603956,170603959,1,3,32,0.7807046141376541
11258,170603959,170604115,170604124,1,9,24,0.33118847769590554
11259,170603981,170603981,170603988,1,7,32,0.9125844833410307
11260,170604012,170604015,170604916,1,901,34,0.6746711655954322
11261,170604020,170604020,170604382,2,362,32,0.36837414443518957
11262,170604048,170604049,170604063,1,14,21,0.6181580540156099
11263,170604078,170604080,170604096,1,15,134,0.17608476427014952
11264,170604086,170604087,170604096,1,8,17,0.9442262050181157
11265,170604088,170604088,170605306,1,1218,171,0.7488628162648555
11266,170604107,170604107,170604289,1,182,20,0.3505631871974446
11267,170604120,170604120,170604124,4,3,33,0.994292130010842
11268,170604143,170604146,170604218,4,71,67,0.44006713483296245
11269,170604144,170604145,170604152,1,7,31,0.3109101622414505
11270,170604157,170604159,170604166,1,7,31,0.46025986246729145
11271,170604162,170604205,170604249,4,43,189,0.9327074857637438
11272,170604165,170604165,170604175,1,10,19,0.6261657530009928
11273,170604166,170604167,170604211,1,43,95,0.7696171034831689
11274,170604169,170604170,170604187,1,17,20,0.22291475300503705
11275,170604172,170604173,170604181,1,8,25,0.49749691060317547
11276,170604181,170604221,170604273,4,52,146,0.5500420996597554
11277,170604181,170604182,170604257,1,74,19,0.4753033235321912
11278,170604183,170604185,170604201,1,16,72,0.22926936340355364
11279,170604186,170604221,170606384,64,2163,108,0.5766685194217529
11280,170604211,170604211,170604397,1,186,55,0.2938509045719029
11281,170604219,170604220,170604255,1,35,134,0.3578622449898954
11282,170604219,170604221,170604264,4,43,41,0.46419915783506815
11283,170604222,170607761,170609751,32,1989,123,0.5147790492585397
11284,170604222,170607761,170609224,32,1462,103,0.5633616626424905
11285,170604222,170607773,170608182,32,409,154,0.769032938728421
11286,170604222,170607773,170608218,32,444,116,0.5277907417520977
11287,170604223,170607788,170608222,32,434,153,0.5438283687597391
11288,170604223,170607809,170608191,32,381,51,0.7627412321560647
11289,170604223,170607810,170608286,32,476,83,0.9680077175159612
11290,170604223,170607828,170608307,32,479,158,0.15912301335795043
11291,170604223,170607835,170608241,32,405,52,0.4630514701869879
11292,170604223,170608184,170608593,32,409,138,0.8101508141391869
11293,170604223,170608193,170608575,32,381,51,0.08940534524219113
11294,170604223,170608220,170608651,32,431,116,0.8764719273742603
11295,170604223,170608224,170608654,32,430,54,0.7748074977752063
11296,170604223,170608242,170608660,32,417,52,0.6652661811395627
11297,170604223,170608288,170608774,32,486,64,0.7900669815967443
11298,170604223,170608309,170608784,32,474,55,0.939517248871651
11299,170604223,170608595,170609003,32,408,52,0.968404850448178
11300,170604223,170608653,170609082,32,428,115,0.67208953338758
11301,170604223,170608656,170609085,32,428,54,0.6570326433436499
11302,170604223,170608662,170609080,32,418,52,0.09963059184069978
11303,170604231,170604231,170604235,4,4,34,0.02798009688498515
11304,170604270,170604271,170604282,1,11,34,0.15736167463436768
11305,170604282,170604284,170604393,1,109,21,0.9585746752620048
11306,170604284,170604284,170606693,1,2409,23,0.723180949972338
11307,170604287,170604287,170606961,4,2674,49,0.8645664307610645
11308,170604290,170604290,170604369,4,78,78,0.8109448199584494
11309,170604290,170604342,170604352,4,10,21,0.9088222998626027
11310,170604298,170604299,170604320,2,20,34,0.7128161456968773
11311,170604299,170604324,170604340,2,16,34,0.2714735444642564
11312,170604300,170604598,170604619,2,20,35,0.03167712302878689
11313,170604323,170604323,170604326,1,2,31,0.6964918426340158
11314,170604326,170604328,170604345,1,17,114,0.6186792075183037
11315,170604333,170604354,170604854,1,500,24,0.5555902843523519
11316,170604333,170604333,170604393,1,59,84,0.39080588526242077
11317,170604335,170604354,170604856,1,501,23,0.7146490655411852
11318,170604336,170604337,170604346,1,9,41,0.9219395935750342
11319,170604337,170604354,170609272,1,4918,31,0.8164122256380126
11320,170604347,170614105,170619169,1,5063,208,0.6312396259388896
11540,170604347,170605647,170610842,1,5195,183,0.37372533983245027
11542,170604347,170605659,170613924,1,8264,160,0.6992930652581851
11543,170604347,170605659,170613882,1,8222,193,0.8019441774851049
11544,170604347,170605659,170613845,1,8185,200,0.9200635774467504
11548,170604347,170605673,170614010,1,8336,200,0.5111248001742771
11549,170604347,170605673,170611027,1,5353,189,0.7100244842187807
11550,170604347,170605673,170613388,1,7714,179,0.9378043969302352
11552,170604347,170605685,170613395,1,7709,176,0.4205048735969952
11553,170604347,170605685,170614330,1,8644,175,0.9626657056007579
11554,170604347,170605685,170614330,1,8644,227,0.09088955263231246
11555,170604347,170605685,170610921,1,5235,183,0.6295887821616795
11556,170604347,170605685,170613942,1,8256,161,0.5757455582179907
11557,170604347,170605685,170613887,1,8201,170,0.017726969275814075
11558,170604347,170605685,170613961,1,8275,179,0.4911067505039134
11560,170604347,170605698,170614040,1,8342,201,0.3240807636837134
11562,170604347,170605711,170611052,1,5340,189,0.8488663856874679
11563,170604347,170605711,170613410,1,7699,184,0.816835020795895
11564,170604347,170605711,170613408,1,7696,187,0.6479036940709811
11565,170604347,170605711,170614354,1,8643,171,0.714895187214591
11568,170604347,170605724,170614367,1,8643,107,0.004356235460319491
11569,170604347,170605724,170610950,1,5226,183,0.7799796993635687
11570,170604347,170605724,170614048,1,8324,171,0.7482973814294327
11571,170604347,170605724,170613970,1,8246,168,0.7860649438875132
11572,170604347,170605724,170613964,1,8240,178,0.8913170411969941
11573,170604347,170605724,170614093,1,8369,203,0.06949209190822803
11574,170604347,170605724,170611076,1,5352,189,0.9794265343987978
11575,170604347,170605736,170613509,1,7772,173,0.3960143714395654
11576,170604347,170605736,170613515,1,7779,179,0.24952289674795491
11578,170604347,170605748,170614391,1,8642,179,0.3621596283507722
11579,170604347,170605748,170614391,1,8642,200,0.4510773416450031
11580,170604347,170605748,170610944,1,5195,184,0.2180431765974844
11581,170604347,170605748,170613984,1,8235,160,0.027663390471749927
11582,170604347,170605761,170613942,1,8181,168,0.8370287786325399
11583,170604347,170605761,170613990,1,8229,175,0.6638097066365668
11587,170604347,170605773,170614104,1,8331,198,0.45799398251681633
11593,170604347,170605810,170611159,1,5349,190,0.9402041286910151
11594,170604347,170605810,170613523,1,7713,173,0.07184106996740636
11595,170604347,170605810,170613525,1,7714,176,0.36316015248806
11600,170604347,170605898,170614541,1,8642,183,0.42116768432893315
11603,170604347,170605923,170614568,1,8644,145,0.9552367398910259
11604,170604347,170605936,170610126,1,4190,184,0.5881266422871892
11605,170604347,170605936,170612085,1,6148,161,0.4406222476497713
11606,170604347,170605936,170612022,1,6086,168,0.5187285816580107
11607,170604347,170605936,170612049,1,6113,176,0.18955072563533681
11608,170604347,170605936,170612060,1,6123,199,0.26339511836764096
11611,170604347,170605974,170610228,1,4254,185,0.43842141519443656
11612,170604347,170605974,170611663,1,5689,168,0.9753584289158514
11613,170604347,170605974,170611621,1,5647,255,0.1468581916769185
11614,170604347,170605986,170614631,1,8644,172,0.5272540095851456
11615,170604347,170605986,170614631,1,8644,165,0.6256567734256056
11616,170604347,170605986,170610171,1,4184,184,0.6879021701270536
11617,170604347,170605986,170612125,1,6139,162,0.46411387770185797
11618,170604347,170605986,170612087,1,6101,169,0.8086789733538263
11619,170604347,170605986,170612136,1,6150,175,0.8581507926203432
11620,170604347,170605986,170612125,1,6138,199,0.0021610955885545957
11621,170604347,170605986,170610231,1,4244,185,0.6839867551364108
11622,170604347,170605986,170611651,1,5664,169,0.7622685080509123
11623,170604347,170605986,170611618,1,5631,181,0.22588900077640583
11624,170604347,170605986,170614023,1,8037,172,0.6241519196828382
11625,170604347,170605986,170614631,1,8644,164,0.4143250103912215
11627,170604347,170606023,170610175,1,4151,183,0.11439123657009098
11628,170604347,170606023,170612235,1,6211,162,0.9951738560212713
11629,170604347,170606023,170612184,1,6160,170,0.3628688930656968
11630,170604347,170606023,170612134,1,6110,176,0.8565883165884011
11631,170604347,170606023,170612154,1,6130,199,0.22656881085769054
11632,170604347,170606023,170610274,1,4250,187,0.13086718891382754
11633,170604347,170606023,170611751,1,5727,168,0.35583182543814973
11634,170604347,170606023,170611737,1,5714,174,0.7160229566903751
11635,170604347,170606023,170613363,1,7339,172,0.9533673532518536
11636,170604347,170606050,170612491,1,6441,189,0.34942969658152
11637,170604347,170606050,170610213,1,4163,183,0.17357692916259493
11639,170604347,170606063,170612231,1,6167,160,0.8000143944185372
11641,170604347,170606088,170612252,1,6163,172,0.9031794534695097
11643,170604347,170606138,170612192,1,6053,179,0.18287952492397463
11650,170604347,170606188,170612325,1,6137,198,0.20956247902537595
11651,170604347,170606188,170610441,1,4253,210,0.16379901235262428
11652,170604347,170606188,170611869,1,5680,167,0.4508009636862461
11657,170604347,170606200,170611861,1,5661,188,0.47145471006000994
11658,170604347,170606200,170613584,1,7383,171,0.4222700093420988
11659,170604347,170606200,170614844,1,8644,169,0.09129647139334574
11660,170604347,170606200,170609551,1,3350,192,0.3502690052616667
11661,170604347,170606200,170610835,1,4634,163,0.9316108221432089
11662,170604347,170606200,170610767,1,4566,200,0.14889864441953138
11663,170604347,170606200,170610933,1,4733,174,0.1924576953528987
11664,170604347,170606200,170610852,1,4651,197,0.5710404830837342
11665,170604347,170606200,170609591,1,3390,183,0.3277922391753967
11666,170604347,170606200,170610907,1,4707,170,0.5073565043050022
11667,170604347,170606200,170610826,1,4625,177,0.6503085302557852
11668,170604347,170606200,170610982,1,4782,176,0.9097957619335069
11674,170604347,170606212,170610904,1,4691,202,0.8215203102202882
11675,170604347,170606212,170609564,1,3351,182,0.11710714517856613
11676,170604347,170606212,170610846,1,4633,171,0.6679302399355158
11677,170604347,170606225,170610826,1,4601,199,0.1799947068526364
11678,170604347,170606225,170610904,1,4678,202,0.6570241745820271
11679,170604347,170606237,170610895,1,4657,199,0.16464793819958312
11680,170604347,170606237,170609612,1,3375,182,0.33458825386167756
11681,170604347,170606237,170610949,1,4711,175,0.8164058918742453
11682,170604347,170606237,170610888,1,4650,177,0.7738585668118763
11683,170604347,170606237,170611059,1,4822,180,0.43818803691013064
11684,170604347,170606237,170611037,1,4799,201,0.015911047553706426
11685,170604347,170606249,170609574,1,3324,182,0.6669411757626352
11686,170604347,170606249,170610901,1,4651,167,0.8993757608354435
11687,170604347,170606249,170610867,1,4617,175,0.4017931262333092
11688,170604347,170606249,170610900,1,4650,178,0.30168710285700107
11689,170604347,170606249,170610865,1,4615,199,0.03365158063087548
11690,170604347,170606249,170609623,1,3374,183,0.4218771826799136
11691,170604347,170606249,170610987,1,4737,174,0.4625370299761443
11692,170604347,170606249,170610935,1,4685,177,0.9472927758063192
11693,170604347,170606262,170610970,1,4708,205,0.12280879413694712
11694,170604347,170606262,170610925,1,4663,202,0.39694343465373794
11695,170604347,170606262,170609610,1,3348,182,0.7970367920225703
11696,170604347,170606262,170610907,1,4645,171,0.6942194688059604
11697,170604347,170606274,170610865,1,4590,176,0.18428326544636842
11698,170604347,170606274,170610909,1,4634,174,0.5084720677994244
11699,170604347,170606300,170610913,1,4613,199,0.09781555007159581
11700,170604347,170606300,170609668,1,3368,188,0.09816137995913488
11701,170604347,170606300,170611010,1,4710,174,0.4118176958299029
11702,170604347,170606300,170610971,1,4671,178,0.9235720633191721
11703,170604347,170606300,170611003,1,4703,186,0.9023412240584833
11704,170604347,170606300,170610992,1,4692,202,0.9519559577453837
11705,170604347,170606300,170612442,1,6142,192,0.39548793964841844
11706,170604347,170606300,170614944,1,8644,169,0.3128033786746971
11707,170604347,170606300,170614944,1,8644,190,0.010845861379390254
11708,170604347,170606300,170614944,1,8644,184,0.8008196132672184
11709,170604347,170606300,170614944,1,8644,206,0.569925078220526
11710,170604347,170606300,170612589,1,6289,196,0.791130170247884
11711,170604347,170606312,170613931,1,7619,182,0.03997763301767254
11712,170604347,170606312,170613929,1,7616,183,0.5508778672034468
12038,170604347,170609552,170617993,1,8441,187,0.9951154216591983
12039,170604347,170609565,170618209,1,8644,191,0.2011724820415497
12041,170604347,170609575,170615717,1,6141,190,0.6763507585563813
12043,170604347,170609591,170618236,1,8644,169,0.05683878142269061
12050,170604347,170609610,170618254,1,8643,180,0.044960781976178144
12051,170604347,170609613,170618257,1,8643,184,0.19457465107512106
12052,170604347,170609624,170618269,1,8644,207,0.21839405305843862
12062,170604347,170609669,170615946,1,6276,198,0.4155809482186106
12183,170604347,170610127,170617760,1,7632,182,0.5780472211954022
12202,170604347,170610171,170617723,1,7552,194,0.9190395047272762
12204,170604347,170610176,170617390,1,7213,147,0.8931148835156913
12220,170604347,170610214,170615715,1,5500,117,0.5520571765021284
12228,170604347,170610229,170616398,1,6169,191,0.8032622807616518
12230,170604347,170610232,170618876,1,8644,169,0.05561228011171748
12245,170604347,170610275,170618921,1,8645,176,0.837837837963222
12336,170604347,170610442,170619086,1,8643,183,0.642833388453612
12421,170604347,170610768,170619411,1,8642,231,0.013717580908113591
12440,170604347,170610827,170617078,1,6251,196,0.3983242582216072
12442,170604347,170610834,170618548,1,7713,426,0.4235452045613779
12444,170604347,170610836,170618638,1,7801,187,0.5125802003055213
12445,170604347,170610843,170618312,1,7469,191,0.668716495002161
12446,170604347,170610847,170619050,1,8203,193,0.1754070230233159
12448,170604347,170610852,170616991,1,6138,191,0.6017234330775751
12454,170604347,170610866,170619510,1,8644,173,0.9892408705745521
12455,170604347,170610866,170619510,1,8644,182,0.13782614610276178
12460,170604347,170610868,170619513,1,8645,184,0.15902707914153413
12467,170604347,170610889,170619531,1,8642,207,0.9131465052359171
12473,170604347,170610896,170617135,1,6239,196,0.8457593512477055
12474,170604347,170610902,170618523,1,7621,183,0.3240400474033722
12475,170604347,170610902,170618531,1,7629,161,0.684997423331083
12477,170604347,170610904,170618036,1,7131,151,0.35687080653178127
12478,170604347,170610904,170619541,1,8636,159,0.6946578476127778
12485,170604347,170610908,170616027,1,5118,190,0.9639589560494013
12486,170604347,170610908,170617986,1,7077,179,0.280484474549371
12488,170604347,170610909,170618007,1,7098,183,0.8394838914077384
12490,170604347,170610914,170617974,1,7060,186,0.7706274129829707
12495,170604347,170610922,170617991,1,7068,218,0.11570724837744539
12497,170604347,170610927,170616131,1,5204,193,0.2689725035455116
12501,170604347,170610940,170617480,1,6539,186,0.7141017633109418
12502,170604347,170610940,170617459,1,6519,190,0.2280950385230035
12505,170604347,170610944,170618586,1,7641,183,0.5586160598117528
12506,170604347,170610949,170619594,1,8644,197,0.9449400544120299
12507,170604347,170610951,170616044,1,5093,191,0.8454700954023332
12514,170604347,170610970,170618053,1,7082,179,0.5468547921209194
12516,170604347,170610971,170617979,1,7007,182,0.31923197141555426
12519,170604347,170610983,170618070,1,7086,211,0.07094202030060415
12523,170604347,170610989,170618113,1,7123,206,0.3945762948504208
12524,170604347,170610993,170616186,1,5192,425,0.6139589689783234
12530,170604347,170611004,170617514,1,6509,187,0.5129626130038801
12535,170604347,170611012,170617438,1,6425,189,0.8809254651349997
12539,170604347,170611029,170619672,1,8643,179,0.8567967113818024
12545,170604347,170611037,170619681,1,8643,172,0.773690443973879
12555,170604347,170611053,170616182,1,5129,205,0.4467063307102369
12561,170604347,170611061,170618215,1,7153,179,0.5614849304927796
12565,170604347,170611076,170618276,1,7199,178,0.019003430944948385
12581,170604347,170611161,170618228,1,7067,187,0.8180033993624558
12799,170604347,170611621,170618704,1,7082,210,0.5573458953310848
12800,170604347,170611621,170616839,1,5217,193,0.2971179652610184
12819,170604347,170611652,170618255,1,6602,186,0.8741650754775102
12821,170604347,170611665,170618253,1,6588,181,0.9911541428747489
12910,170604347,170611739,170618414,1,6674,191,0.6124719359184579
12912,170604347,170611752,170619217,1,7465,198,0.9233354880086486
12954,170604347,170611862,170616965,1,5103,191,0.5082251303476303
12955,170604347,170611869,170618980,1,7110,182,0.5229135558171407
13006,170604347,170612024,170619161,1,7137,183,0.8306292149863151
13012,170604347,170612050,170619103,1,7052,187,0.19025865858275826
13015,170604347,170612061,170619114,1,7053,210,0.4245139087804648
13018,170604347,170612088,170617260,1,5171,193,0.7714451776899071
13019,170604347,170612088,170618667,1,6579,188,0.5764442025500796
13037,170604347,170612126,170618735,1,6609,425,0.9271186900082407
13038,170604347,170612126,170618625,1,6498,190,0.45529573666645373
13043,170604347,170612137,170620781,1,8644,189,0.7442453956744651
13044,170604347,170612137,170616399,1,4261,430,0.39530860079041086
13045,170604347,170612155,170617744,1,5589,182,0.1862565162196147
13058,170604347,170612185,170617624,1,5438,184,0.7281588006273041
13059,170604347,170612192,170617748,1,5555,190,0.7880618905561773
13061,170604347,170612231,170617805,1,5573,208,0.18939134913592426
13062,170604347,170612236,170616565,1,4329,191,0.3125761487561405
13064,170604347,170612253,170617348,1,5095,181,0.08951148547980459
13082,170604347,170612325,170617297,1,4971,185,0.31255110196907565
13111,170604347,170612444,170617504,1,5059,188,0.3982113308950954
13118,170604347,170612492,170617550,1,5057,194,0.35153999009739867
13126,170604347,170612590,170616868,1,4277,189,0.41391677503277846
13340,170604347,170613363,170618871,1,5507,179,0.7028474212290504
13345,170604347,170613389,170618905,1,5515,183,0.09137891127760989
13347,170604347,170613396,170618946,1,5549,185,0.4457402520775946
13349,170604347,170613410,170618968,1,5558,205,0.25672067154814127
13350,170604347,170613411,170617720,1,4308,190,0.2458540856391751
13375,170604347,170613509,170618590,1,5080,180,0.6021475513168791
13376,170604347,170613517,170618580,1,5063,185,0.9721641745384934
13378,170604347,170613525,170618593,1,5067,188,0.36228165841250093
13379,170604347,170613525,170618578,1,5052,193,0.7999094414057175
13397,170604347,170613585,170617846,1,4261,189,0.7958749885528169
13478,170604347,170613847,170619403,1,5556,179,0.3203907112493628
13494,170604347,170613884,170619422,1,5538,183,0.5580994555182254
13495,170604347,170613888,170619416,1,5527,197,0.9253232632720519
13496,170604347,170613925,170619474,1,5549,205,0.9188440756658571
13499,170604347,170613930,170618221,1,4290,190,0.991140365051804
13500,170604347,170613932,170619032,1,5100,181,0.091817795762692
13502,170604347,170613943,170619059,1,5116,185,0.2830186022696273
13503,170604347,170613943,170619044,1,5101,189,0.05014400100349692
13506,170604347,170613962,170619030,1,5068,195,0.6181103546338782
13509,170604347,170613965,170618250,1,4285,190,0.23169311727966868
13511,170604347,170613973,170619539,1,5566,178,0.0923657312021251
13512,170604347,170613985,170619489,1,5503,182,0.44169306107722794
13517,170604347,170613991,170619532,1,5540,187,0.28226567475590947
13524,170604347,170614010,170619576,1,5566,214,0.2978142213969359
13530,170604347,170614024,170618321,1,4297,191,0.5543692187033202
13532,170604347,170614042,170619144,1,5102,183,0.243349171889629
13533,170604347,170614049,170619102,1,5052,189,0.17685252024235099
13539,170604347,170614094,170619181,1,5086,188,0.3106525681925393
11322,170604356,170605536,170605578,4,42,143,0.3968935736274577
11323,170604360,170604360,170604548,1,187,34,0.5290330572879388
11324,170604361,170604395,170604570,1,175,32,0.0836361324713174
11325,170604362,170606350,170606370,24,19,94,0.2585979450600825
11326,170604363,170604363,170604725,1,361,39,0.920834211186617
11327,170604365,170604365,170604728,1,362,41,0.168456568175531
11328,170604365,170604370,170604501,4,131,202,0.32010493969248943
11329,170604367,170604370,170604641,1,270,66,0.5900673967059274
11330,170604370,170604370,170604373,1,2,78,0.2007586090345871
11331,170604370,170605647,170609173,4,3525,120,0.8300008676022497
11332,170604373,170604374,170604385,1,10,32,0.6140735526075345
11333,170604374,170604384,170604463,4,78,119,0.9015940550222783
11334,170604379,170604473,170604489,1,15,31,0.6284864011438854
11335,170604379,170604384,170604396,1,11,24,0.3893083736575875
11336,170604379,170604493,170604505,1,12,31,0.912368967570396
11337,170604380,170604507,170604519,1,11,30,0.7578802724158327
11338,170604380,170604511,170604526,1,14,18,0.8960094190940613
11339,170604391,170604512,170604565,1,52,56,0.09738754641559566
11340,170604392,170604512,170604564,1,52,57,0.9220134086711139
11341,170604392,170604526,170604818,1,291,31,0.7904223518536102
11342,170604392,170604393,170604401,1,7,38,0.5913630704468246
11343,170604393,170604536,170604752,1,215,33,0.82857763134229
11344,170604393,170604536,170604589,1,53,32,0.3571852181693961
11345,170604394,170604395,170604471,1,76,101,0.3844329734002605
11346,170604394,170604574,170604624,1,50,32,0.819953766649182
11347,170604402,170604402,170604414,1,12,33,0.6059117136314119
11348,170604407,170604407,170604433,1,26,32,0.42761870255306655
11349,170604421,170604422,170604428,1,6,32,0.14085574795719957
11350,170604426,170604429,170604506,1,77,38,0.7133415626422388
11351,170604433,170604434,170604441,1,7,33,0.44349443166953073
11352,170604433,170604435,170604485,1,50,33,0.3479771239723203
11353,170604437,170604453,170604627,1,174,43,0.42703683288275474
11354,170604443,170604464,170604522,1,57,118,0.9255953896161698
11355,170604471,170604472,170604522,1,50,145,0.5432988949702067
11356,170604474,170604477,170604491,1,13,54,0.046841516054436205
11357,170604474,170606396,170606418,84,22,168,0.6336545957051551
11358,170604485,170604485,170604520,1,34,29,0.7399327519125394
11359,170604491,170605573,170614211,2,8637,97,0.048193915271243504
11360,170604492,170604493,170604499,1,6,22,0.716768962358519
11361,170604492,170605585,170614222,2,8637,212,0.38231815090024
11362,170604494,170605647,170608063,1,2416,77,0.20428794861599597
11363,170604499,170604499,170604508,1,8,18,0.7060024283898425
11364,170604512,170604513,170604520,1,7,19,0.7180035268138838
11365,170604514,170604514,170604521,1,7,20,0.6226792645594871
11366,170604522,170604526,170604529,1,3,68,0.28443516595160423
11367,170604533,170604534,170604546,1,11,49,0.5972352855745031
11368,170604534,170612641,170613136,1,494,73,0.8275285260728733
11369,170604534,170612641,170614017,1,1376,75,0.9680806092323972
11370,170604551,170604558,170608890,4,4331,101,0.8634682740050631
11371,170604558,170604598,170605324,1,725,27,0.38268332637574787
11372,170604573,170604573,170604762,1,189,28,0.28820322575780355
11373,170604594,170604596,170604608,1,12,44,0.09885985555710985
11374,170604594,170604596,170604603,1,6,45,0.13926822900868563
11375,170604625,170604635,170604645,4,9,24,0.1775706625386888
11376,170604634,170604648,170604656,4,8,24,0.6170075686686436
11377,170604643,170604660,170604735,1,75,24,0.7186410201347581
11378,170604643,170604660,170604735,1,75,30,0.4391791053906734
11379,170604643,170604660,170604735,1,75,26,0.27601542363666265
11380,170604643,170604660,170604735,1,75,25,0.4123285663919204
11381,170604643,170604772,170604817,1,45,25,0.04989537165661906
11382,170604643,170604772,170604817,1,45,25,0.6006328156702512
11383,170604643,170604772,170604817,1,45,25,0.607600390793701
11384,170604646,170604833,170610517,1,5683,31,0.7504153949747839
11385,170604646,170604833,170610517,1,5683,30,0.9756203074822488
11386,170604647,170604882,170610517,1,5634,31,0.6568639947108142
11387,170604647,170604882,170610517,1,5634,31,0.13153191374428352
11388,170604647,170604882,170610517,1,5634,41,0.09224207223498393
11389,170604647,170604882,170610517,1,5634,66,0.6663792232469148
11390,170604647,170604882,170610517,1,5634,32,0.9264452074947391
11391,170604647,170604882,170610517,1,5634,31,0.7327451994960298
11392,170604647,170605172,170610882,1,5710,37,0.11570733650422238
11393,170604647,170605172,170610883,1,5710,30,0.09075294558037472
11394,170604647,170605172,170610883,1,5710,30,0.1204161095670363
11395,170604647,170605172,170610883,1,5710,42,0.2874473278346198
11396,170604647,170605172,170610882,1,5710,31,0.11302977301004924
11397,170604647,170605172,170610883,1,5711,30,0.9694742210810561
11398,170604647,170605299,170610953,1,5653,38,0.18941884919893437
11399,170604647,170605286,170610952,1,5666,31,0.8070753836808291
11400,170604647,170605286,170610953,1,5666,31,0.3499605899255823
11401,170604647,170605286,170610953,1,5666,31,0.5622310402729568
11402,170604647,170605286,170610952,1,5666,32,0.44657331984878956
11403,170604647,170605286,170610952,1,5666,31,0.8951073212671016
11404,170604647,170605286,170610953,1,5666,31,0.6570422322234473
11405,170604647,170605286,170610952,1,5666,31,0.389280849319658
11406,170604647,170605286,170610952,1,5666,30,0.748038696031759
11407,170604647,170605361,170611060,1,5699,31,0.7663074533914793
11408,170604700,170604759,170613403,1,8643,50,0.757393313694604
11409,170604700,170604759,170611448,1,6688,51,0.8745916191629357
11410,170604701,170604759,170613403,1,8643,93,0.856431781148353
11411,170604701,170604833,170613478,1,8644,59,0.7123067311869712
11412,170604702,170604833,170610967,1,6134,30,0.602503528709313
11413,170604702,170604772,170613415,1,8643,32,0.34406990100136015
11414,170604703,170604710,170605051,1,340,62,0.8927753826158181
11415,170604705,170604759,170604770,4,10,20,0.8264366693799106
11416,170604708,170604709,170604721,1,11,18,0.8479039279875213
11417,170604718,170604721,170604758,2,36,138,0.014690928544014104
11418,170604727,170604728,170605066,1,338,37,0.9329261935298656
11419,170604728,170604729,170605067,1,338,42,0.2707132161894049
11420,170604734,170604760,170605660,1,900,25,0.7360546569083815
11421,170604736,170604736,170604739,1,2,44,0.32894166774223055
11422,170604737,170604772,170605672,1,899,24,0.640881675960825
11423,170604737,170604737,170604746,1,8,19,0.2700248067451959
11424,170604737,170604772,170605673,1,900,120,0.8109951939604622
11425,170604739,170604739,170604746,1,7,32,0.8126963668850368
11426,170604753,170604753,170604759,1,5,32,0.6794277286696204
11427,170604766,170604768,170604777,1,9,18,0.9546823997940339
11428,170604767,170604768,170605130,1,362,41,0.11328678855334395
11429,170604774,170604821,170604832,4,10,21,0.42116354631211905
11430,170604780,170604780,170605503,4,722,94,0.1468157109962689
11431,170604785,170604785,170613424,2,8638,413,0.537341977564845
11432,170604790,170604790,170604793,1,2,44,0.7639561644359172
11433,170604793,170604795,170604801,1,5,22,0.3782559056931156
11434,170604801,170604809,170605710,1,900,25,0.04355896950694316
11435,170604805,170604805,170604814,1,8,22,0.6075416364447664
11436,170604823,170605373,170605445,1,71,43,0.1713738791379288
11437,170604823,170605386,170605457,1,71,24,0.31001124710398753
11438,170604823,170605386,170605457,1,71,24,0.5611303698239468
11439,170604823,170605386,170605457,1,71,25,0.20244661028300281
11440,170604823,170605386,170605457,1,71,26,0.5643087367664958
11441,170604823,170605436,170605510,1,73,24,0.23937647022883224
11442,170604823,170605436,170605510,1,74,25,0.15715897787060795
11443,170604823,170605448,170605519,1,71,26,0.22904553309110365
11444,170604823,170605461,170605530,1,69,24,0.5681251434697923
11445,170604823,170605461,170605531,1,70,26,0.3493429174060847
11446,170604823,170605473,170605545,1,71,25,0.9011139400725949
11447,170604823,170605473,170605545,1,71,30,0.4022149226843853
11448,170604840,170604846,170604949,1,103,36,0.51808789160724
11449,170604842,170604843,170604849,1,5,18,0.44856372728749117
11450,170604842,170604846,170604866,1,20,24,0.6740920218136134
11451,170604843,170604870,170604970,1,100,27,0.04531168659015261
11452,170604847,170604870,170604879,4,8,57,0.9622234300574602
11453,170604854,170604858,170605357,1,499,24,0.25934119324589133
11454,170604856,170604870,170605372,1,501,24,0.3438382503038596
11455,170604865,170604867,170604874,1,7,18,0.15057149048210894
11456,170604867,170604868,170604874,1,5,19,0.9390163780397202
11457,170604886,170605147,170605158,4,10,28,0.5054056551501503
11458,170604886,170604887,170604889,1,2,19,0.1430758708009242
11459,170604886,170604997,170605101,1,104,35,0.7372564704586959
11460,170604889,170604889,170604898,1,9,44,0.5707944363996702
11461,170604892,170604892,170604895,1,2,19,0.647386502532989
11462,170604903,170605159,170605168,4,8,28,0.0729115245524753
11463,170604906,170604908,170604914,1,6,45,0.2777107869017339
11464,170604916,170604984,170605885,1,900,23,0.7067065546409742
11465,170604926,170604927,170604989,1,62,150,0.7839380913448718
11466,170604928,170604928,170604931,1,2,18,0.30170480807027433
11467,170604931,170604932,170604940,1,8,19,0.9468613434275287
11468,170604945,170604949,170604975,1,26,20,0.6642143277436112
11469,170604949,170604949,170606959,1,2010,87,0.4037417892167069
11470,170604959,170604984,170605166,1,181,91,0.11080566612660536
11471,170604959,170604997,170605168,1,171,66,0.9566810027046133
11472,170604959,170605109,170605285,1,175,72,0.7490025787625021
11473,170604959,170605122,170605293,1,170,84,0.9102124996074051
11474,170604959,170605172,170605346,1,173,65,0.08825986509158379
11475,170604959,170605172,170605342,1,170,94,0.3271922054234392
11476,170604960,170605197,170605369,1,171,64,0.25045178806580604
11477,170604973,170604976,170604984,1,7,19,0.7876985121406807
11478,170604983,170605197,170605369,1,171,52,0.931928739304532
11479,170604983,170605197,170605369,1,171,55,0.8951169849566225
11480,170604983,170605261,170605434,1,173,55,0.06480386868417543
11481,170604983,170605261,170605433,1,172,57,0.7631837075044859
11482,170604983,170605286,170605459,1,173,70,0.1412920691357269
11483,170604983,170605299,170605542,1,243,84,0.7161895262236828
11484,170604983,170605312,170605484,1,172,171,0.3415278764953126
11485,170604992,170604992,170605035,1,43,70,0.09819864704178671
11486,170604994,170605536,170610777,1,5241,41,0.7946677993454903
11487,170604994,170605536,170606422,1,886,42,0.18903499659990586
11488,170604998,170605059,170605602,1,543,20,0.1101615967294759
11489,170605001,170605001,170605008,1,6,19,0.9952766581265099
11490,170605014,170605014,170605049,1,34,112,0.24292044828523873
11491,170605017,170605022,170605170,1,148,19,0.6687309603932741
11492,170605029,170605030,170605048,1,17,47,0.6333557509769737
11493,170605031,170605037,170605040,1,2,99,0.21316607768586493
11494,170605040,170605042,170605047,1,5,99,0.6534995794235688
11495,170605059,170605060,170605067,1,6,18,0.2768711495052285
11496,170605060,170605061,170605140,1,79,137,0.23556201660322484
11497,170605060,170605061,170605169,1,108,296,0.3596095337309495
11498,170605064,170605068,170605355,1,287,30,0.1558383338835463
11499,170605101,170605101,170605118,1,17,24,0.4911143323728673
11500,170605131,170605133,170605142,1,9,37,0.3590396967754719
11501,170605154,170605156,170605177,1,21,127,0.20616288239232117
11502,170605154,170605156,170605171,1,15,32,0.27118202944623215
11503,170605167,170605172,170609491,1,4319,156,0.0836963446806116
11504,170605174,170605175,170605183,1,8,31,0.42852338777832844
11505,170605177,170606312,170608397,1,2084,71,0.047570502938157455
11506,170605179,170605349,170605396,1,47,65,0.19341398072316796
11507,170605192,170605349,170605518,1,169,92,0.21897321388252788
11508,170605197,170605198,170605207,1,9,45,0.6571218671432575
11509,170605231,170605232,170605240,2,8,31,0.70308444248836
11510,170605231,170605232,170605296,1,64,39,0.2613124157762613
11511,170605252,170606312,170610629,2,4316,87,0.31918307238554255
11512,170605267,170606312,170610635,2,4322,82,0.9773559498593448
11513,170605270,170606324,170610639,2,4314,88,0.5419633763175955
11514,170605271,170606338,170610654,2,4316,394,0.3089990016997697
11515,170605272,170606324,170610639,2,4315,88,0.4647378252122849
11516,170605302,170605302,170605305,1,2,38,0.6192831315081608
11517,170605305,170605306,170605314,1,8,31,0.8246375813759682
11518,170605324,170605336,170606060,1,723,57,0.0707948002299984
11519,170605337,170605338,170605340,1,2,31,0.2415415571039331
11520,170605340,170605341,170605352,1,10,31,0.7065409300035905
11521,170605355,170605356,170605710,1,354,33,0.2610680707748708
11522,170605357,170605585,170606085,1,499,28,0.6360142924596125
11523,170605372,170605622,170606124,1,501,25,0.05701090667777986
11524,170605378,170605379,170605527,1,147,136,0.9677100121674262
11525,170605384,170605387,170605393,1,6,32,0.37473843888703273
11526,170605414,170606324,170608330,1,2006,77,0.0021918740356569044
11527,170605486,170605498,170605503,1,4,34,0.9746651689464261
11528,170605496,170605496,170605502,1,5,31,0.19139316056649314
11529,170605511,170605513,170605561,1,47,103,0.7162587923134686
11530,170605545,170605548,170606006,1,458,492,0.3249321464013277
11531,170605549,170605573,170606051,1,477,492,0.004068517055127452
11532,170605564,170605573,170606164,1,590,82,0.5807719493203817
11533,170605585,170605585,170606360,1,774,30,0.33232984679300337
11534,170605592,170605598,170614240,1,8642,182,0.918745892448411
11535,170605592,170605610,170611463,1,5852,185,0.7704195886575854
11536,170605617,170605622,170605658,1,35,78,0.8498176034658547
11537,170605621,170605622,170606167,1,544,19,0.9534403937459847
11538,170605644,170605644,170606008,1,363,41,0.0022388097095763504
11539,170605645,170605645,170606008,1,363,41,0.5518682869790037
11541,170605648,170605649,170605661,1,11,33,0.12511086637192492
11545,170605660,170605986,170606887,1,900,25,0.32296918321067536
11546,170605672,170605986,170606887,1,900,25,0.9778507423754293
11547,170605673,170605986,170606888,1,902,25,0.6688453504041046
11551,170605674,170606338,170608759,1,2421,41,0.30363314147320153
11559,170605686,170605698,170605702,1,3,34,0.9355846364137783
11561,170605710,170605986,170606888,1,902,25,0.22891716368704484
11566,170605720,170605720,170605723,1,2,32,0.7649572917253237
11567,170605723,170605724,170605730,1,6,31,0.6840771854633642
11577,170605742,170605743,170605813,1,70,137,0.5107344998215916
11584,170605771,170605773,170605947,1,174,65,0.5480428079738037
11585,170605772,170605773,170605948,1,174,64,0.25064457629638615
11588,170605799,170605810,170605983,1,172,72,0.6975799866300488
11589,170605800,170605835,170605909,1,73,62,0.5053220801902659
11590,170605800,170605835,170605880,1,44,61,0.014718224284362424
11591,170605800,170605848,170605893,1,45,61,0.6165710081757844
11592,170605803,170605810,170605817,1,7,20,0.9752758887705041
11596,170605820,170605873,170609674,1,3801,134,0.8919166047810521
11597,170605844,170605848,170606038,1,190,74,0.6424619001058863
11598,170605870,170605871,170605878,1,6,31,0.7027578880496173
11599,170605885,170606312,170607213,1,900,24,0.3277348051884984
11601,170605914,170605914,170605917,1,2,32,0.6708779152273541
11602,170605917,170605918,170605986,1,68,252,0.6407711138942748
11609,170605938,170605940,170605947,1,6,32,0.7642791433473795
11610,170605960,170605962,170605984,1,22,118,0.725098347278616
11626,170605992,170606300,170609677,2,3377,83,0.057705051113657535
11638,170606060,170606312,170607036,1,723,31,0.27277409933729946
11640,170606085,170606312,170606812,1,499,22,0.7082532393469685
11642,170606124,170606324,170606826,1,501,28,0.9113454695263433
11644,170606152,170606176,170606408,1,232,26,0.12925263299812806
11645,170606155,170606176,170606416,1,240,74,0.9512649425800621
11646,170606158,170606176,170606426,1,250,35,0.23530664949138003
11647,170606163,170606188,170606593,1,404,112,0.26754285041191295
11648,170606165,170606188,170606563,1,374,102,0.010383596730680456
11649,170606166,170606188,170606579,1,391,112,0.4878550366651767
11653,170606194,170606200,170606534,1,334,41,0.4304674117575008
11654,170606196,170606200,170606544,1,344,41,0.877467505408484
11655,170606197,170606200,170606544,1,344,41,0.26199693078061226
11656,170606200,170606200,170606545,1,344,49,0.40866329371370236
11669,170606201,170606212,170606541,1,328,57,0.7673387909708141
11670,170606203,170606212,170606556,1,343,60,0.5415047527996666
11671,170606208,170606212,170606585,1,372,126,0.6018463876632605
11672,170606211,170606212,170606603,1,390,26,0.29974827690545736
11673,170606212,170606212,170606621,1,408,63,0.11104298022035886
11713,170606376,170606376,170606379,1,3,31,0.8583110846951432
11714,170606409,170606420,170606741,64,321,128,0.2611645481326542
11715,170606438,170606438,170606809,1,370,112,0.47322793166353594
11716,170606442,170606442,170606821,1,378,137,0.16367597846881
11717,170606442,170606443,170606847,1,404,122,0.8566889775277785
11718,170606445,170606445,170606810,1,364,114,0.048688655747510134
11719,170606446,170606446,170606811,1,364,112,0.058134622100935895
11720,170606446,170606447,170606818,1,371,112,0.2173813659011009
11721,170606452,170606452,170606825,1,373,116,0.7756058421663551
11722,170606453,170606453,170606826,1,373,105,0.4022522449940241
11723,170606453,170606453,170606856,1,402,55,0.7945881838157113
11724,170606457,170606457,170606680,1,223,55,0.7732224952138722
11725,170606458,170606458,170606680,1,221,49,0.9829114597218868
11726,170606458,170606459,170606697,1,238,47,0.8951454032378178
11727,170606460,170606460,170606685,1,225,58,0.49115851694662316
11728,170606461,170606461,170606687,1,226,58,0.05208620404729292
11729,170606461,170606461,170606694,1,233,27,0.5291096430335706
11730,170606463,170606463,170606678,1,215,36,0.29914353756562007
11731,170606464,170606464,170606679,1,215,26,0.10299694866262232
11732,170606464,170606464,170606686,1,221,26,0.06960143890156267
11733,170606483,170606483,170606819,1,336,45,0.5181360038719403
11734,170606484,170606484,170606827,1,343,45,0.9733026905614736
11735,170606485,170606485,170606826,1,341,56,0.07643059935916252
11736,170606487,170606487,170606830,1,342,59,0.30740220462467016
11737,170606487,170606488,170606851,1,363,40,0.8294173121149977
11738,170606488,170606488,170606850,1,361,41,0.5986285268397805
11739,170606489,170606490,170606830,1,340,40,0.7600910706682816
11740,170606490,170606490,170606860,1,369,42,0.22415721300715874
11741,170606491,170606491,170606862,1,371,40,0.6104927611674743
11742,170606495,170606495,170606830,1,334,41,0.11793794833595406
11743,170606496,170606496,170606838,1,342,54,0.04573274000038052
11744,170606497,170606497,170606836,1,339,55,0.8792932075013455
11745,170606498,170606498,170606840,1,341,58,0.7253621061547586
11746,170606499,170606500,170606862,1,362,58,0.1687384008953301
11747,170606499,170606505,170606868,1,363,57,0.6509804647397147
11748,170606501,170606505,170606851,1,345,56,0.7594616336615332
11749,170606502,170606505,170606879,1,373,40,0.42871080150629515
11750,170606503,170606505,170606879,1,373,41,0.8553701469924311
11751,170606512,170606512,170606877,1,365,63,0.874269270205916
11752,170606512,170606513,170606873,1,360,56,0.634744761925828
11753,170606513,170606513,170606885,1,372,58,0.27122107601227263
11754,170606514,170606515,170606886,1,371,27,0.4511088291975939
11755,170606515,170606516,170606889,1,373,40,0.2539743283098286
11756,170606516,170606516,170606915,1,398,63,0.2515245636899315
11757,170606517,170606518,170606889,1,371,63,0.05280988298748568
11758,170606518,170606518,170606890,1,372,63,0.6157774023855302
11759,170606518,170606523,170606926,1,402,57,0.3374165644260694
11760,170606716,170606716,170606720,1,3,31,0.5070329575270434
11761,170606751,170606751,170606761,1,9,31,0.19816761749314404
11762,170606769,170606769,170606774,1,5,31,0.7566423983077505
11763,170606802,170607591,170609815,64,2223,109,0.702237415478725
11764,170606812,170606812,170607313,1,500,21,0.5133843668700738
11765,170606826,170606828,170607329,1,501,40,0.1097428356305925
11766,170606887,170606888,170607786,1,898,24,0.29948437558027674
11767,170606887,170606888,170607789,1,901,38,0.937656221633797
11768,170606888,170606890,170607789,1,899,28,0.5734223956921006
11769,170606888,170606890,170607793,1,903,27,0.16220844012044922
11770,170606961,170606961,170611299,1,4337,64,0.6251272963542577
11771,170606965,170606965,170615382,1,8416,180,0.6488965973108122
11772,170606965,170606965,170615046,1,8081,192,0.8858502223797889
11773,170606965,170606965,170613300,1,6335,194,0.5311654857777544
11774,170607036,170607036,170607759,1,723,26,0.14487284401781897
11776,170607213,170607215,170608119,1,904,22,0.8912834052457917
11777,170607313,170607313,170607815,1,501,31,0.9928189981038955
11778,170607329,170607330,170607832,1,501,22,0.7195133937875284
11779,170607474,170607615,170607696,1,81,26,0.5481897200289697
11780,170607532,170607532,170607538,1,5,31,0.8304434265884421
11781,170607547,170607547,170607553,1,5,31,0.522531247516495
11782,170607583,170607584,170607589,1,5,31,0.3048981705043897
11783,170607646,170607646,170607653,1,6,31,0.9157900321374263
11784,170607662,170607662,170608386,1,724,54,0.919238400483685
11785,170607759,170607761,170608486,1,725,28,0.3185459415606027
11786,170607786,170607788,170608689,1,901,29,0.7866211566623708
11787,170607789,170607791,170608693,1,902,30,0.7710917944458864
11788,170607789,170607791,170608691,1,899,26,0.6007135044867195
11789,170607793,170607794,170608696,1,901,25,0.4616151789427232
11790,170607815,170607817,170608315,1,498,31,0.6761542100088748
11791,170607832,170607833,170608335,1,501,21,0.8943405050768466
11792,170607970,170607970,170610332,1,2362,45,0.2598056988986921
11793,170608006,170608006,170608009,2,3,31,0.88558597320792
11794,170608055,170608065,170608179,1,113,27,0.22290602712086127
11795,170608093,170608775,170610253,32,1477,67,0.7378167914782454
11796,170608093,170608785,170610180,32,1395,58,0.8120731245929936
11797,170608093,170609084,170610230,32,1145,139,0.5143772598133426
11798,170608093,170609088,170610226,32,1138,54,0.2989608653141521
11799,170608093,170609091,170610347,32,1256,47,0.33323418973741714
11800,170608093,170609098,170610320,32,1222,51,0.09494696191580498
11801,170608093,170609120,170610408,32,1287,118,0.13217967268037556
11802,170608093,170609878,170611027,32,1149,48,0.2959726873445967
11803,170608093,170609880,170611220,32,1340,73,0.17960499914735018
11804,170608093,170609901,170611048,32,1146,82,0.7143779711581129
11805,170608093,170610182,170611588,32,1405,58,0.3411752476613752
11806,170608095,170610226,170611583,32,1356,40,0.8770449468116496
11807,170608095,170610232,170611376,32,1143,137,0.0034275612679962597
11808,170608095,170610232,170611398,32,1166,83,0.6364508127569777
11809,170608095,170610255,170611245,32,990,67,0.9585205627744232
11810,170608095,170610271,170611257,32,986,54,0.22255407600048993
11811,170608095,170612050,170613191,32,1140,32,0.2390774041982654
11812,170608095,170612050,170613191,32,1141,60,0.12052353037810304
11813,170608095,170612050,170613192,32,1142,31,0.3817560689252242
11814,170608095,170612050,170613192,32,1142,51,0.9293793396415015
11815,170608095,170612050,170613192,32,1142,50,0.670531511790123
11816,170608119,170608120,170609025,1,905,45,0.2592147557371608
11817,170608126,170608126,170608129,2,3,31,0.2605732463281202
11818,170608188,170608188,170608197,2,8,31,0.30041940299797787
11819,170608192,170608192,170608372,1,179,31,0.5745209876891372
11820,170608250,170608250,170608259,2,8,31,0.012306321481238114
11821,170608273,170608273,170608282,2,8,31,0.06335916058816382
11822,170608315,170608316,170608816,1,500,24,0.36070387639331325
11823,170608335,170608337,170608840,1,503,31,0.42123468878336945
11824,170608337,170608337,170609166,2,828,71,0.17790401413939627
11825,170608337,170608337,170609177,2,840,59,0.1815004519933866
11826,170608337,170608337,170609166,2,828,61,0.5892467979713707
11827,170608337,170608338,170609190,2,852,71,0.9541401522267441
11828,170608337,170608338,170609166,2,828,64,0.011682716791138748
11829,170608337,170608338,170609177,2,839,72,0.2952485652806327
11830,170608337,170608426,170609258,2,832,58,0.18618893291314442
11831,170608337,170608426,170609258,2,832,61,0.887255174010976
11832,170608337,170608441,170609274,2,833,56,0.36874893885479343
11833,170608338,170608441,170609266,2,825,56,0.3264101906004253
11834,170608338,170608442,170609274,2,832,56,0.7237823548743468
11835,170608338,170608442,170609275,2,833,56,0.3875120260037279
11836,170608376,170608376,170608385,2,8,31,0.5777190291363004
11837,170608379,170608426,170608439,4,13,108,0.2008823981817982
11838,170608380,170608426,170608439,4,13,42,0.3981125328902422
11839,170608390,170608391,170608394,2,3,54,0.9126257692421643
11840,170608397,170608398,170608443,2,45,32,0.4384734845457888
11841,170608414,170608416,170608442,1,26,26,0.9476689505232709
11842,170608415,170608426,170608440,1,14,21,0.8917971416589539
11843,170608416,170608426,170608441,1,15,58,0.2400006191635049
11844,170608416,170608426,170608441,1,15,23,0.7728762527635786
11845,170608422,170608422,170608431,2,8,32,0.8770605980964182
11846,170608444,170608444,170614783,1,6338,39,0.4390636010497979
11847,170608445,170608445,170611094,1,2648,75,0.22310379721051599
11848,170608445,170608445,170614775,1,6329,37,0.307597859155776
11849,170608446,170608446,170610829,1,2382,41,0.12359817713365573
11850,170608468,170608468,170610127,1,1659,31,0.6759801087032667
11851,170608468,170608510,170610168,1,1658,32,0.5593795642507995
11852,170608468,170608510,170610165,1,1655,43,0.5316504714763254
11853,170608468,170608510,170610162,1,1652,31,0.6423293213289153
11854,170608468,170608510,170610165,1,1655,32,0.6233085815430606
11855,170608468,170608510,170610165,1,1655,32,0.4847730532916187
11856,170608468,170608510,170610170,1,1660,31,0.03465013477958301
11857,170608468,170608510,170610167,1,1657,31,0.823267772804942
11858,170608468,170608510,170610177,1,1667,32,0.9778040731702089
11859,170608468,170608524,170610180,1,1656,31,0.2495573945469448
11860,170608468,170608524,170610183,1,1659,31,0.5783145378263002
11861,170608468,170608528,170610181,1,1653,73,0.5848337022095281
11862,170608479,170608479,170608524,1,44,26,0.49786894660248826
11863,170608480,170608480,170608524,1,43,32,0.5901038333414433
11864,170608486,170608489,170609212,1,723,29,0.9264615780638131
11865,170608487,170608489,170608561,1,72,137,0.9966507674400059
11866,170608511,170608511,170608566,2,54,216,0.025131615725494938
11867,170608552,170608576,170608672,4,95,46,0.1416469662107308
11868,170608556,170608558,170608624,1,66,137,0.30385273384687406
11869,170608564,170608574,170612097,1,3523,69,0.7491980300003707
11870,170608564,170608574,170612097,1,3523,68,0.15371133080067145
11871,170608564,170608586,170608672,1,86,19,0.7350417848746997
11872,170608572,170608574,170608629,2,55,248,0.8851757469015842
11874,170608633,170608633,170608678,2,44,253,0.22533723244145987
11875,170608644,170608644,170608654,4,9,20,0.6411337601092437
11876,170608644,170608645,170608777,1,132,53,0.854308887617465
11877,170608645,170608645,170608655,4,9,24,0.34131499264017184
11878,170608650,170608650,170608777,1,126,46,0.9275155082490711
11879,170608651,170608651,170608777,1,125,38,0.8952664854495427
11880,170608670,170608684,170608695,4,11,20,0.3080704395832592
11881,170608676,170608676,170609611,2,935,37,0.7609765887894867
11882,170608689,170608690,170609592,1,902,38,0.8950585065241424
11883,170608691,170608691,170609592,1,900,29,0.6131886601576262
11884,170608693,170608694,170609596,1,901,26,0.21816516458440116
11885,170608696,170608697,170609599,1,902,30,0.6273406030837992
11886,170608732,170608732,170608742,4,9,17,0.7967203702958722
11887,170608734,170608735,170611614,1,2879,45,0.0378617709276291
11888,170608745,170608746,170617384,2,8638,109,0.6192657850932568
11889,170608748,170616775,170618939,1,2164,50,0.5246421646472911
11890,170608748,170635562,170637725,1,2163,124,0.35739782913809937
11891,170608748,170637727,170639889,1,2162,37,0.9951418465210551
11892,170608749,170641412,170643577,1,2164,36,0.5781183895274243
11893,170608749,170616775,170618939,1,2164,41,0.7127518807872514
11894,170608749,170635562,170637725,1,2163,124,0.45814490045455125
11895,170608749,170637727,170639889,1,2162,41,0.6883658286120417
11896,170608749,170641473,170643637,1,2163,39,0.1820404725164313
11897,170608751,170616860,170619023,1,2163,64,0.2640911550520857
11898,170608751,170635562,170637725,1,2163,124,0.383750309937852
11899,170608751,170637727,170639889,1,2162,49,0.27120954480975046
11900,170608751,170641485,170643649,1,2163,395,0.5293273003476274
11901,170608751,170616860,170619023,1,2163,54,0.06489609536422558
11902,170608751,170635562,170637725,1,2163,124,0.686152037063377
11903,170608751,170637727,170639889,1,2162,56,0.8388344338805789
11904,170608751,170641726,170643889,1,2162,53,0.2297220794852951
11905,170608764,170608764,170613088,1,4324,238,0.476953812013154
11906,170608764,170611798,170612162,16,364,35,0.5079873763498063
11907,170608764,170613091,170613454,16,362,37,0.9866944670170552
11908,170608764,170613927,170614291,16,364,33,0.11680763666669947
11909,170608764,170615080,170615445,16,364,415,0.6236104604277161
11910,170608764,170615967,170616332,16,364,415,0.1838638743477855
11911,170608764,170616422,170616785,16,363,32,0.05846816283461376
11912,170608764,170608815,170609178,4,362,46,0.9327060956318082
11913,170608764,170609215,170609580,4,364,46,0.0224121468581292
11914,170608764,170609696,170610061,4,364,70,0.5895832517282542
11915,170608764,170610214,170610578,4,363,47,0.2143893434932579
11916,170608764,170611036,170611398,4,362,33,0.507311496062423
11917,170608764,170611425,170611789,4,363,34,0.012222447105834533
11918,170608764,170611798,170612162,4,364,54,0.8477981397147738
11919,170608764,170612206,170612570,4,364,30,0.3339128217699967
11920,170608765,170613067,170613430,4,362,33,0.6661947160872136
11921,170608765,170613741,170614105,4,363,33,0.39856878973485554
11922,170608765,170611036,170611398,8,362,37,0.5779054844358578
11923,170608765,170611413,170611777,8,364,37,0.4341096817376916
11924,170608765,170611838,170612201,8,363,424,0.09794525656451236
11925,170608765,170612496,170612859,8,363,112,0.45073620213107457
11926,170608765,170613496,170613859,8,362,31,0.2709885326172743
11927,170608765,170613927,170614291,8,364,32,0.8943011845535173
11928,170608765,170615080,170615445,8,364,41,0.8038376908349186
11929,170608782,170608782,170609145,1,363,55,0.6608348825550902
11930,170608783,170608784,170609148,1,364,29,0.27852028388910854
11931,170608816,170608817,170609316,1,499,23,0.8736387985531893
11932,170608840,170608841,170609343,1,502,23,0.15942371472053607
11933,170608851,170608851,170608914,1,62,28,0.8428968641509943
11934,170608854,170608854,170608862,1,8,25,0.12486847909149745
11935,170608857,170608857,170612462,1,3604,22,0.9450584532268904
11936,170608876,170608876,170613319,1,4442,24,0.6251355758440844
11937,170608888,170608888,170613041,1,4153,40,0.49741802711927785
11938,170608888,170608888,170613039,1,4150,54,0.10004394902871871
11939,170608888,170608888,170613038,1,4149,51,0.043999605494377536
11940,170608900,170608900,170608905,1,4,18,0.31320976453736593
11941,170608922,170608923,170608942,4,19,20,0.3187842447066993
11942,170608924,170608924,170608952,1,27,27,0.7374544352382281
11943,170608926,170608926,170617432,1,8506,21,0.010952865522333322
11944,170608934,170608934,170617415,1,8480,27,0.31503441303652147
11945,170608944,170608944,170609307,1,363,53,0.24726448676615875
11946,170608956,170608960,170608977,16,17,116,0.1486669712620895
11947,170608977,170608990,170611775,16,2785,103,0.5055709267198871
11948,170608990,170608990,170609009,4,18,23,0.038382488716026786
11949,170608993,170609005,170609085,32,80,51,0.6174034581320694
11950,170609007,170609007,170609370,1,363,46,0.05263338267244844
11951,170609014,170609014,170609556,1,542,22,0.6774585623803555
11952,170609015,170609021,170609741,1,719,34,0.517363468585928
11953,170609015,170609021,170609741,1,719,33,0.38688133273779046
11954,170609023,170609026,170609402,4,376,65,0.6426392255845811
11955,170609025,170609026,170609930,1,904,26,0.3373060747210661
11956,170609037,170609038,170609108,1,70,212,0.6768416512189674
11957,170609039,170609039,170609112,1,73,45,0.7267434300046786
11958,170609073,170609073,170610882,1,1809,33,0.7247324547074625
11959,170609088,170609088,170609271,1,183,31,0.9725826224336473
11960,170609093,170609094,170609122,1,28,28,0.2914379507951591
11961,170609098,170609098,170609102,1,3,19,0.6375266112125909
11962,170609107,170609110,170609118,32,8,108,0.48515801483410004
11963,170609115,170609116,170609123,2,7,24,0.18986953219418545
11964,170609139,170609167,170613490,4,4322,76,0.45241540112903444
11965,170609141,170609141,170609144,2,2,24,0.046051866550795184
11966,170609141,170609143,170609153,1,10,33,0.27116535162131417
11967,170609147,170609147,170609149,2,2,24,0.9317075812906744
11968,170609149,170609226,170609250,32,24,93,0.3289388129084533
11969,170609153,170609179,170609185,1,6,53,0.7325038261910534
11970,170609163,170609179,170617816,2,8636,103,0.8169728794861763
11971,170609163,170609179,170617822,2,8642,96,0.15623524159897417
11972,170609163,170609179,170617816,2,8636,104,0.8182824217500602
11973,170609168,170609168,170609177,2,9,44,0.7832251076400428
11974,170609172,170609172,170610587,1,1415,53,0.15526911910598684
11975,170609179,170609179,170609358,1,179,69,0.898775047679281
11976,170609180,170609191,170612790,1,3599,45,0.44357209437293854
11977,170609186,170609186,170610036,1,849,30,0.7976260622057145
11978,170609195,170609203,170609373,1,170,55,0.44455375248185747
11979,170609200,170609200,170609250,1,49,32,0.2977500032431114
11980,170609212,170609215,170609937,1,722,29,0.21716814557946895
11981,170609212,170609215,170609224,1,8,19,0.8894933459344307
11982,170609212,170609215,170609224,1,8,32,0.11292451016312699
11983,170609212,170609238,170612146,1,2908,30,0.8710385638561104
11984,170609212,170609243,170612146,1,2903,128,0.7214671864227502
11985,170609212,170609252,170612146,1,2894,79,0.18979877224593755
11986,170609212,170609252,170612146,1,2894,93,0.03785901935966951
11987,170609212,170609252,170612146,1,2893,29,0.38322215833482376
11988,170609212,170609252,170612146,1,2894,80,0.7871581825358697
11989,170609212,170609252,170612146,1,2894,92,0.4677490870109592
11990,170609212,170609252,170612146,1,2894,80,0.847985034264617
11991,170609220,170609252,170609423,1,171,81,0.1731351423444193
11992,170609220,170609252,170609423,1,171,90,0.9177276271831278
11993,170609220,170609252,170609425,1,173,65,0.899050784262875
11994,170609220,170609252,170609425,1,173,65,0.9471970929240633
11995,170609220,170609252,170609423,1,171,76,0.3758495902461163
11996,170609220,170609252,170609423,1,171,87,0.8105581518360101
11997,170609220,170609252,170609423,1,170,78,0.5514194548730774
11998,170609220,170609252,170609327,1,74,67,0.351705438811151
11999,170609220,170609252,170609326,1,74,64,0.601071240448534
12000,170609220,170609252,170609326,1,74,63,0.1631560994390031
12001,170609220,170609252,170609326,1,74,68,0.6402584594548911
12002,170609220,170609252,170609326,1,74,64,0.6236645221334021
12003,170609220,170609252,170609325,1,73,65,0.9435888166297282
12004,170609220,170609252,170609326,1,74,91,0.913581051520932
12005,170609220,170609252,170609326,1,74,91,0.23206827600089386
12006,170609223,170609226,170611220,1,1994,362,0.14880934453827477
12007,170609225,170609226,170609236,1,10,22,0.23178015835986765
12008,170609248,170609248,170609610,1,362,55,0.14002039409524802
12009,170609252,170609253,170609278,1,24,39,0.3729306947957275
12010,170609253,170609253,170609302,2,48,138,0.10263510027961809
12011,170609273,170609274,170609457,1,183,31,0.5436719572974893
12012,170609278,170609279,170612146,1,2867,31,0.9739642813447585
12013,170609278,170609279,170612146,1,2867,29,0.4420518462604972
12014,170609278,170609279,170612146,1,2867,28,0.5708391346584435
12015,170609278,170609279,170612146,1,2867,29,0.47978458476371233
12016,170609292,170609293,170609416,1,122,34,0.0028285063382156306
12017,170609295,170609296,170609416,1,120,32,0.9825218686704508
12018,170609316,170609317,170609818,1,501,21,0.7651512433765352
12019,170609343,170609346,170609848,1,502,23,0.5081634004960954
12020,170609354,170609405,170609450,4,45,283,0.7130338739400603
12021,170609374,170609374,170609380,1,5,21,0.4643048233758328
12022,170609376,170609376,170609390,1,14,27,0.6718081850063983
12023,170609378,170609378,170609742,1,364,53,0.31917045380940334
12024,170609380,170609380,170610102,1,721,38,0.39857789374265473
12025,170609396,170609396,170609406,1,10,22,0.5049713497786792
12026,170609396,170609396,170609417,2,20,49,0.6914929292634948
12027,170609413,170609418,170612313,2,2895,246,0.8384932094057593
12028,170609427,170609586,170609597,2,11,19,0.8531909568615946
12029,170609435,170609435,170609467,2,32,53,0.15786073986509197
12030,170609457,170609457,170609569,4,112,281,0.20228955937943882
12031,170609490,170609491,170609495,1,4,19,0.997220685524608
12032,170609492,170609492,170609774,2,282,56,0.11619976574201196
12033,170609508,170609508,170609871,1,363,29,0.06346839380066183
12034,170609509,170609509,170609871,1,362,41,0.7399509245752576
12035,170609511,170609833,170609866,32,33,73,0.1903453495183376
12036,170609512,170609833,170609867,128,34,106,0.6763891221285834
12037,170609527,170609536,170609541,1,5,18,0.7876773380330111
12040,170609569,170609635,170609828,4,192,442,0.30133053944610333
12042,170609586,170609623,170609628,1,5,17,0.3378563904885117
12044,170609592,170609878,170610780,1,902,29,0.4638703549995723
12045,170609592,170609878,170610778,1,900,35,0.8065235122217563
12046,170609596,170609878,170610778,1,900,42,0.31203189583116697
12047,170609599,170609878,170610778,1,900,38,0.16212921194817553
12048,170609604,170609605,170609628,1,22,36,0.7773370383873871
12049,170609609,170609878,170609985,1,106,26,0.9678039713234513
12053,170609625,170609625,170609662,1,36,73,0.8100931287934461
12054,170609634,170609634,170609641,8,7,36,0.48473700424733146
12055,170609641,170609641,170609746,1,105,49,0.744160911726429
12056,170609659,170609833,170611278,1,1444,37,0.7167943327243781
12057,170609661,170609833,170611278,1,1444,27,0.0415744627974155
12058,170609662,170609833,170611278,1,1444,37,0.07100826054368448
12059,170609664,170609869,170611311,1,1442,27,0.7061873516204356
12060,170609665,170609869,170610448,1,579,19,0.030838603378492535
12061,170609666,170609869,170610547,1,678,21,0.8471122154614067
12063,170609672,170609878,170609950,4,71,41,0.780811572255735
12064,170609678,170609869,170611766,1,1897,116,0.9884704412032121
12065,170609679,170610749,170610805,4,56,51,0.5598192850807743
12066,170609684,170609869,170618513,2,8644,81,0.697050229841149
12067,170609712,170609878,170611347,1,1468,28,0.09649485421948412
12068,170609732,170609757,170618401,1,8644,34,0.7224582462525483
12069,170609732,170609878,170611346,1,1468,30,0.24853541041193894
12070,170609732,170609878,170611347,1,1469,29,0.8844842755149632
12071,170609732,170609878,170611348,1,1469,23,0.28104739926869415
12072,170609733,170609878,170611347,1,1469,24,0.6210672215651754
12073,170609733,170609757,170618401,1,8644,19,0.7125726894498466
12074,170609733,170609878,170611347,1,1469,30,0.432493855427147
12075,170609734,170609878,170611346,1,1467,26,0.7047705636352761
12076,170609734,170609757,170618401,1,8644,20,0.106980522354165
12077,170609734,170609878,170611347,1,1469,24,0.7731373756150574
12078,170609734,170609878,170611352,1,1474,26,0.5655704499388254
12079,170609735,170609757,170618401,1,8644,20,0.4424834577063972
12080,170609735,170609878,170611349,1,1470,26,0.7926896738126575
12081,170609735,170609878,170611347,1,1469,26,0.11389079247777623
12082,170609736,170609878,170611342,1,1464,47,0.9361424524448372
12083,170609736,170609757,170618401,1,8644,19,0.9760105913483124
12084,170609736,170609878,170611345,1,1467,40,0.19079328066523216
12085,170609736,170609878,170611346,1,1467,28,0.11040932650960711
12086,170609737,170609878,170611346,1,1468,26,0.6312844532327737
12087,170609737,170609757,170618401,1,8644,21,0.2125757131563244
12088,170609737,170609878,170611346,1,1467,41,0.2358927164650212
12089,170609737,170609878,170611345,1,1467,28,0.4342260987549459
12090,170609738,170609878,170611342,1,1464,31,0.6777066403402077
12091,170609738,170609757,170618401,1,8644,21,0.6920704307490843
12092,170609738,170609878,170611346,1,1468,30,0.09580471915986577
12093,170609738,170609878,170611345,1,1467,30,0.19096329829627468
12094,170609738,170609757,170618401,1,8644,22,0.5742525182171182
12095,170609738,170609740,170610463,1,722,53,0.6722363691984704
12096,170609739,170609833,170618476,1,8643,40,0.49333249745154395
12097,170609740,170609833,170618476,1,8643,38,0.5925230499511704
12098,170609741,170609833,170618476,1,8643,38,0.13999644352789675
12099,170609741,170609745,170610469,1,724,48,0.5013017920980029
12100,170609741,170609745,170610469,1,724,31,0.5064577793277762
12101,170609750,170609750,170609815,1,65,64,0.47568328352551725
12102,170609755,170609755,170610256,1,501,63,0.051339040051812446
12103,170609756,170609794,170610054,1,259,59,0.9882433764416353
12104,170609773,170609782,170609811,1,28,23,0.9342284894068625
12105,170609775,170609878,170618522,2,8643,68,0.5638468978403596
12106,170609775,170609878,170618522,2,8643,85,0.19468228615583139
12107,170609776,170609878,170618517,2,8639,85,0.6644807364830186
12108,170609776,170609878,170618517,2,8639,88,0.018547470933407584
12109,170609777,170609794,170609813,1,18,102,0.9460887623368073
12110,170609777,170609878,170618517,2,8639,78,0.41463366146323544
12111,170609779,170609780,170609793,1,12,31,0.3018423091489353
12112,170609779,170609780,170609791,1,10,37,0.7915830880405083
12113,170609793,170609878,170609902,1,24,28,0.9621858612491216
12114,170609793,170609878,170609902,1,24,20,0.6257586605665999
12115,170609793,170609878,170609902,1,24,18,0.6443151205550742
12116,170609793,170609878,170609902,1,24,20,0.8580432842629563
12117,170609793,170609878,170609902,1,24,23,0.437653283804854
12118,170609793,170609878,170609902,1,24,19,0.6096766228743752
12119,170609793,170609878,170609902,1,24,36,0.921696211273583
12120,170609793,170609878,170609902,1,24,18,0.30941407685414113
12121,170609812,170609833,170609842,2,8,34,0.6838382109891576
12122,170609818,170609878,170610378,1,500,21,0.5411066251391665
12123,170609820,170612050,170613798,16,1747,148,0.7850207802429419
12124,170609823,170612050,170613816,16,1765,154,0.5124838905388359
12125,170609826,170609827,170610220,1,392,47,0.9407830711867723
12126,170609826,170612050,170613823,16,1773,163,0.2124845856412757
12127,170609829,170612050,170613916,16,1865,224,0.4018031965593114
12128,170609836,170609837,170609879,1,41,47,0.30826793340360137
12129,170609844,170609932,170609953,1,20,82,0.2332326936072775
12130,170609848,170609878,170610378,1,500,21,0.061731623628734966
12131,170609852,170609858,170610042,2,184,34,0.6212512641530595
12132,170609855,170609954,170609968,1,13,134,0.11036974947994005
12133,170609861,170609873,170609931,1,57,127,0.24168567787671236
12134,170609866,170609873,170609886,1,13,24,0.9690119802204864
12135,170609869,170609872,170610282,1,409,35,0.6953966912320446
12136,170609870,170609878,170609900,32,21,82,0.33321059303337053
12137,170609870,170609878,170618522,4,8643,54,0.4386650203673138
12138,170609877,170609878,170610241,1,362,23,0.29064769373253485
12139,170609883,170609886,170609896,1,10,47,0.3494523550040127
12140,170609883,170609888,170609896,1,7,24,0.6521463048959778
12141,170609883,170609905,170609911,1,5,31,0.5608681616464243
12142,170609883,170609905,170610009,1,103,137,0.27924202969887857
12143,170609896,170609896,170610510,1,613,25,0.9647844154805164
12144,170609905,170609970,170610015,1,45,145,0.8908905027411625
12145,170609909,170609919,170610190,1,271,47,0.7982586135443599
12146,170609909,170609912,170609918,1,5,31,0.9081419809445984
12147,170609913,170609913,170609918,1,5,17,0.12492216455652361
12148,170609930,170609931,170610833,1,901,23,0.25195787622359955
12149,170609931,170609931,170609937,8,5,35,0.2675711244789972
12150,170609937,170609938,170610663,1,724,29,0.5515191907224476
12151,170609944,170609945,170617881,1,7935,57,0.6255458915267276
12152,170609970,170609970,170610204,1,234,25,0.7127463970456729
12153,170609996,170609996,170610203,1,207,21,0.4104408146283147
12154,170610013,170610014,170610737,1,722,32,0.07119681802866107
12155,170610016,170610016,170610056,1,40,18,0.22338082200466736
12156,170610022,170610022,170610087,1,64,52,0.009448846606671335
12157,170610036,170610036,170610889,1,852,31,0.8147287150994985
12158,170610037,170610037,170610145,4,107,39,0.22627451796363962
12159,170610041,170610055,170610190,1,135,60,0.5243649062741138
12161,170610059,170610060,170610188,1,128,23,0.429357465591804
12162,170610066,170610089,170610121,1,31,72,0.8997259036136881
12163,170610071,170610071,170610140,8,69,196,0.3516852613361344
12164,170610074,170610074,170610170,1,96,28,0.7133078304377182
12165,170610089,170610104,170610229,1,125,43,0.03356796288689934
12166,170610091,170610122,170610130,1,7,72,0.8417031381747331
12167,170610092,170610093,170618734,1,8641,183,0.5481815905687991
12168,170610092,170610093,170618037,1,7944,181,0.28939908464237696
12169,170610092,170610093,170618734,1,8641,181,0.8647507219416387
12170,170610092,170610093,170618458,1,8365,182,0.9080913004061625
12171,170610092,170610093,170617804,1,7711,181,0.3640917580556853
12172,170610092,170610093,170618734,1,8641,190,0.4949353924377955
12173,170610095,170610095,170612415,1,2319,20,0.3095024858512614
12174,170610095,170612417,170614735,1,2318,20,0.937219724612044
12175,170610095,170614738,170617057,1,2319,22,0.8048419850290361
12176,170610095,170617058,170619385,1,2326,22,0.37055476757894046
12177,170610095,170619386,170621703,1,2316,40,0.03464333611328452
12178,170610095,170623168,170625500,1,2332,413,0.7528281472883819
12179,170610095,170625502,170627846,1,2343,21,0.40597669713609064
12180,170610095,170627847,170630178,1,2331,27,0.651374973975391
12181,170610095,170630429,170632759,1,2329,21,0.11609842354904865
12182,170610101,170610101,170610103,1,2,17,0.29580042670929807
12184,170610130,170610130,170610189,1,59,59,0.3168819054923744
12185,170610135,170610135,170611054,1,918,118,0.9426228985855452
12186,170610135,170610135,170611055,1,919,71,0.08158447726889828
12187,170610135,170610136,170611053,1,917,144,0.9974418297778191
12188,170610136,170610136,170611051,1,915,82,0.5361545028588467
12189,170610141,170610141,170610388,1,246,72,0.6317500163223015
12190,170610144,170610144,170610269,8,124,196,0.8010122393679716
12191,170610145,170610145,170618484,1,8339,180,0.41017353461875294
12192,170610145,170610146,170610170,4,24,40,0.3230161868641237
12193,170610155,170610155,170611599,1,1444,69,0.2809601447894753
12194,170610156,170610156,170610743,1,587,26,0.8031073386061788
12195,170610156,170610157,170610829,1,672,32,0.9186646714815423
12196,170610159,170610192,170610209,1,16,22,0.0034239122359968066
12197,170610162,170610164,170618747,1,8582,189,0.13318476583232952
12198,170610162,170610164,170618610,1,8445,180,0.5961965604603738
12199,170610162,170610164,170618294,1,8130,182,0.40000066138126933
12200,170610162,170610164,170618806,1,8642,186,0.6418175540124932
12201,170610166,170610166,170610183,1,16,36,0.13116076690270329
12203,170610175,170610177,170610207,4,30,56,0.04512829979226607
12205,170610177,170610178,170610262,1,83,28,0.138621245059658
12206,170610178,170610178,170611620,1,1441,26,0.6563301938523594
12207,170610179,170610179,170610758,1,579,20,0.8528003462421775
12208,170610179,170610179,170613467,4,3288,38,0.34941608581826045
12209,170610179,170610179,170610268,1,89,23,0.5323227894844086
12210,170610179,170610179,170610866,1,686,59,0.48508436386325926
12211,170610193,170612050,170613936,16,1885,135,0.38864746190063937
12212,170610195,170610503,170610710,4,206,46,0.5510438701200544
12213,170610195,170610195,170610298,1,102,28,0.2489830790119375
12214,170610197,170610197,170610303,1,106,25,0.5145009163959106
12215,170610199,170610199,170610301,1,102,26,0.7020050917779541
12216,170610208,170610208,170610309,1,100,25,0.43779113446072204
12217,170610208,170610208,170610983,4,774,78,0.11951741296077267
12218,170610209,170610209,170610310,1,101,24,0.6522469323673301
12219,170610211,170610211,170610310,1,99,27,0.5750151905184514
12221,170610214,170610215,170610325,1,110,38,0.34021151936279326
12222,170610216,170610216,170610326,1,109,59,0.4281191503161258
12223,170610217,170610218,170610293,1,75,30,0.361894145370769
12224,170610218,170610218,170610326,1,108,55,0.966828324543734
12225,170610222,170610222,170610331,1,108,55,0.7575439651906976
12226,170610223,170610225,170610333,1,108,53,0.6207498680097668
12227,170610225,170610225,170610334,1,109,46,0.6232775224237193
12229,170610231,170610232,170610956,1,723,38,0.6615400432217742
12231,170610236,170610237,170610293,1,56,22,0.33380832301394914
12232,170610238,170610265,170610283,1,17,63,0.9531796701614738
12233,170610240,170610240,170610301,1,60,148,0.1894328659327944
12234,170610243,170610243,170610247,1,3,22,0.03035055819584498
12235,170610258,170610262,170612592,1,2329,23,0.7692042800738916
12236,170610258,170612594,170614929,1,2335,23,0.807573454668094
12237,170610258,170614931,170617266,1,2334,23,0.34465032154782016
12238,170610258,170617271,170619599,1,2328,21,0.6286281525111757
12239,170610258,170619601,170621934,1,2332,21,0.282440819073005
12240,170610258,170623172,170625514,1,2341,21,0.5733129122151688
12241,170610258,170625515,170627855,1,2339,21,0.30032354527276395
12242,170610258,170627857,170630193,1,2336,21,0.6023527643995576
12243,170610258,170630416,170632759,1,2343,56,0.9939492102833474
12244,170610273,170610415,170610440,64,25,93,0.07860543271344345
12246,170610277,170610291,170610344,1,52,77,0.8297488986967668
12247,170610286,170610304,170610323,2,18,25,0.8827528125767246
12248,170610287,170610389,170610413,64,24,63,0.27497307729125675
12249,170610316,170612318,170612335,1,17,51,0.14766869585207232
12250,170610319,170610330,170610341,1,11,19,0.44342074063227577
12251,170610320,170610329,170610343,1,14,21,0.7917378714733826
12252,170610327,170610327,170610452,1,125,153,0.18722984489134076
12253,170610333,170610442,170610519,1,76,65,0.12810668811563175
12254,170610333,170610342,170610423,1,80,26,0.5961960808069772
12255,170610333,170610342,170610423,1,80,28,0.325777602725152
12256,170610333,170610342,170610423,1,80,33,0.4513023442612818
12257,170610333,170610342,170610423,1,80,40,0.8353114872710835
12258,170610333,170610442,170610519,1,76,66,0.28357420194500293
12259,170610333,170610442,170610519,1,77,67,0.8349789033786917
12260,170610334,170610442,170610519,1,77,67,0.8857928964572295
12261,170610336,170610337,170612661,1,2324,20,0.5567138415619338
12262,170610336,170612663,170614987,1,2323,20,0.6745650968519142
12263,170610336,170615451,170617768,1,2316,26,0.9776534984773814
12264,170610337,170617770,170620090,1,2320,26,0.351067347400278
12265,170610337,170620092,170622413,1,2321,26,0.6945506751720325
12266,170610337,170623181,170625512,1,2330,23,0.10252792500474017
12267,170610337,170625514,170627848,1,2333,22,0.44785563275650686
12268,170610337,170627850,170630184,1,2334,22,0.7801675970294836
12269,170610337,170630429,170632755,1,2326,22,0.4623283556966157
12270,170610338,170610340,170610383,1,43,137,0.8475400694990558
12271,170610344,170610410,170613307,4,2897,122,0.5571204139251068
12272,170610344,170610388,170610391,1,2,20,0.9544284878343806
12273,170610345,170610345,170610440,1,94,81,0.7879611202873615
12274,170610345,170610415,170616559,1,6144,21,0.13427924684335202
12275,170610345,170610415,170616577,1,6162,22,0.19889321945958982
12276,170610345,170610415,170613469,1,3054,25,0.9852397337749239
12277,170610345,170610415,170613461,1,3046,42,0.5418477777916944
12278,170610345,170610415,170613478,1,3063,21,0.7492880316973105
12279,170610345,170610415,170616556,1,6141,25,0.6663062128585038
12280,170610345,170610415,170616587,1,6172,25,0.8521114519184911
12281,170610345,170610415,170613437,1,3022,46,0.06385835295629272
12282,170610346,170610442,170610595,24,152,424,0.3176039883993387
12283,170610353,170610355,170610373,1,17,60,0.8883379646068928
12284,170610353,170610375,170610679,1,304,73,0.12910239829714976
12285,170610353,170610385,170610680,1,294,82,0.860197743165264
12286,170610354,170610389,170610398,1,8,61,0.16853440976360456
12287,170610354,170610399,170610550,1,150,175,0.920415592410104
12288,170610354,170610465,170610577,1,111,136,0.31084233244861736
12289,170610361,170610442,170610590,24,147,438,0.3234679925042956
12290,170610374,170610380,170610746,1,365,44,0.8367760226005745
12291,170610376,170610380,170610409,1,28,35,0.9248778135615066
12292,170610378,170610442,170610943,1,500,65,0.3223345992002782
12293,170610378,170610442,170610941,1,498,67,0.5086506798895635
12294,170610385,170610415,170619059,1,8644,26,0.163679879668583
12295,170610385,170610415,170619059,1,8644,25,0.043315202802602704
12296,170610385,170610415,170613932,1,3517,26,0.7729891360520637
12297,170610385,170610415,170613915,1,3500,52,0.8468957703168961
12298,170610385,170610415,170613940,1,3525,44,0.6816575344264911
12299,170610385,170610415,170613922,1,3507,20,0.5913140747963576
12300,170610385,170610415,170619059,1,8644,22,0.9572591665332764
12301,170610385,170610415,170619059,1,8644,22,0.24084844766442515
12302,170610385,170610415,170617328,1,6913,21,0.9690026853518606
12303,170610385,170610415,170617366,1,6951,36,0.9233115568298436
12304,170610385,170610415,170613463,1,3047,35,0.8715639552794231
12305,170610385,170610415,170613504,1,3088,110,0.9857951688779127
12306,170610385,170610415,170613508,1,3093,21,0.7481302295712512
12307,170610385,170610415,170613439,1,3023,42,0.681875526134061
12308,170610385,170610415,170617434,1,7019,22,0.9054797223003637
12309,170610385,170610415,170617360,1,6945,36,0.2725167008307009
12310,170610385,170610415,170615736,1,5321,21,0.36003727050631484
12311,170610385,170610415,170615759,1,5343,26,0.06490122074557503
12312,170610385,170610415,170618576,1,8160,26,0.6733590311252312
12313,170610385,170610415,170618590,1,8175,29,0.6561196570589858
12314,170610386,170610424,170618597,1,8172,28,0.6171763018316894
12315,170610386,170610424,170618595,1,8170,26,0.7711066792270731
12316,170610386,170610425,170615752,1,5327,33,0.8912583192776159
12317,170610386,170610425,170615748,1,5323,40,0.8353021856417275
12318,170610386,170610442,170619086,1,8643,66,0.8293799574979595
12319,170610386,170610442,170619086,1,8643,67,0.3556367643528996
12320,170610386,170610442,170619086,1,8643,67,0.25281737550486116
12321,170610386,170610442,170619086,1,8643,70,0.8192533179897521
12322,170610386,170610442,170619086,1,8643,68,0.07957796637184866
12323,170610386,170610442,170619086,1,8643,69,0.4834689902228261
12324,170610386,170610442,170619086,1,8643,69,0.6153295843316632
12325,170610386,170610442,170619086,1,8643,69,0.5153353396263888
12326,170610389,170610410,170610529,1,119,34,0.4211243020067179
12327,170610396,170610396,170610883,1,487,89,0.5767357616274998
12328,170610396,170610635,170610791,10,156,476,0.5276531380604085
12329,170610408,170611412,170611619,4,207,449,0.32164304429573665
12375,170610408,170610635,170610833,4,197,431,0.8178818872538195
12376,170610408,170610635,170610841,4,206,431,0.863717390915385
12377,170610408,170610635,170610850,4,214,436,0.6871059106478524
12378,170610408,170610635,170610845,4,209,443,0.6213206375618308
12379,170610408,170610635,170610881,4,246,432,0.008531593987756159
12381,170610408,170610661,170610860,4,199,431,0.04813294229548859
12382,170610408,170610661,170610870,4,209,437,0.5842581136035303
12383,170610408,170610661,170610864,4,203,436,0.3984834632800093
12384,170610408,170610661,170610855,4,194,445,0.902827132319727
12385,170610408,170610661,170610864,4,203,445,0.0026258760325079678
12386,170610408,170610661,170610856,4,195,450,0.023005649542673146
12387,170610408,170610661,170610853,4,192,442,0.1624330653997279
12388,170610408,170610661,170610886,4,225,491,0.6658677577822238
12389,170610408,170610661,170610847,4,186,450,0.992224343175352
12401,170610408,170610711,170610917,4,205,445,0.8154806938611785
12402,170610408,170610711,170610916,4,204,445,0.899914725506763
12403,170610408,170610711,170610905,4,193,439,0.8210274830999277
12404,170610408,170610711,170610906,4,194,441,0.7314596556783255
12405,170610408,170610711,170610903,4,191,456,0.12496792794971145
12406,170610408,170610711,170610908,4,197,454,0.7586347532794934
12417,170610408,170610750,170610960,4,210,443,0.6177412072214323
12431,170610408,170610788,170610995,4,206,436,0.8152162562771058
12432,170610408,170610788,170610993,4,205,445,0.8994172845773076
12433,170610408,170610788,170610988,4,200,432,0.36561898440119833
12434,170610408,170610801,170610986,4,184,432,0.6523441826751596
12435,170610408,170610801,170610989,4,188,437,0.3440848810275211
12449,170610408,170610853,170611055,4,202,436,0.6258053264411635
12450,170610408,170610853,170611060,4,207,436,0.8454868035558538
12451,170610408,170610853,170611039,4,186,450,0.0458072835057004
12457,170610408,170610866,170611066,4,200,446,0.7065284025230306
12458,170610408,170610866,170611074,4,207,450,0.3037705582705169
12459,170610408,170610866,170611075,4,208,442,0.41367249013521223
12463,170610408,170610879,170611076,4,196,445,0.2842906249645508
12464,170610408,170610879,170611082,4,203,437,0.3612044648821964
12465,170610408,170610879,170611084,4,205,431,0.2933225537139922
12471,170610408,170610892,170611134,4,241,431,0.6632442980104213
12480,170610408,170610905,170611096,4,191,456,0.7308046839204114
12481,170610408,170610905,170611091,4,185,432,0.659985023976606
12482,170610408,170610905,170611101,4,195,429,0.4865026145622501
12483,170610408,170610905,170611098,4,192,431,0.979973124266196
12491,170610408,170610918,170611129,4,210,444,0.7221204081551239
12492,170610408,170610918,170611112,4,194,455,0.7164847229775717
12493,170610408,170610918,170611106,4,187,436,0.9189215096790472
12494,170610408,170610918,170611128,4,210,431,0.7040064399064139
12498,170610408,170610931,170611135,4,204,445,0.83567285397088
12510,170610408,170610957,170611156,4,199,430,0.047766080726384
12511,170610408,170610957,170611148,4,191,430,0.07423931154728214
12515,170610408,170610970,170611181,4,210,443,0.7664249538200402
12520,170610408,170610983,170611179,4,195,437,0.26110262828752917
12526,170610408,170610996,170611181,4,184,436,0.19182868661561103
12527,170610408,170610996,170611178,4,181,432,0.9868152317528518
12528,170610408,170610996,170611178,4,181,437,0.9656633656086518
12529,170610408,170610996,170611199,4,203,427,0.6757022789100563
12533,170610408,170611009,170611208,4,199,436,0.8891697889406223
12536,170610408,170611022,170611211,4,188,436,0.48791964086109696
12537,170610408,170611022,170611217,4,194,432,0.03287764607371235
12550,170610408,170611048,170611249,4,201,443,0.3338455854785005
12551,170610408,170611048,170611253,4,204,431,0.37805049756903897
12564,170610408,170611074,170611288,4,213,432,0.10647341908169661
12569,170610408,170611101,170611286,4,185,432,0.13218153411289457
12570,170610408,170611101,170611293,4,192,431,0.3424230334610008
12576,170610408,170611126,170611324,4,198,457,0.4604874222840315
12578,170610408,170611138,170611356,4,217,427,0.9797149120346729
12590,170610408,170611215,170611416,4,200,432,0.2724995845580255
12592,170610408,170611229,170611421,4,192,440,0.03625649658337815
12593,170610408,170611229,170611425,4,196,436,0.36650413458284625
12594,170610408,170611229,170611427,4,197,436,0.4514169826065457
12595,170610408,170611229,170611413,4,184,435,0.3047667030994018
12596,170610408,170611229,170611415,4,185,431,0.7024649897728733
12597,170610408,170611229,170611427,4,198,427,0.2525291997130483
12598,170610408,170611229,170611431,4,202,437,0.8120875609314191
12599,170610408,170611229,170611424,4,195,432,0.4162672959554774
12600,170610408,170611229,170611419,4,190,432,0.4598445149380006
12601,170610408,170611229,170611429,4,200,435,0.08873584093600018
12611,170610408,170611256,170611483,4,227,433,0.6763272071277818
12612,170610408,170611256,170611453,4,197,445,0.13398102575092674
12613,170610408,170611256,170611451,4,194,442,0.3960266987427449
12614,170610408,170611256,170611450,4,194,445,0.6005080473205002
12615,170610408,170611256,170611449,4,193,446,0.22696390193412286
12616,170610408,170611256,170611467,4,210,445,0.7477222885329399
12617,170610408,170611256,170611470,4,214,478,0.270849959194686
12622,170610408,170611269,170611466,4,197,442,0.6391196278777547
12623,170610408,170611269,170611474,4,204,435,0.5525365720623335
12624,170610408,170611269,170611465,4,195,427,0.012094339670174703
12625,170610408,170611269,170611462,4,193,430,0.2691834582334832
12626,170610408,170611269,170611461,4,191,444,0.6911638017972964
12627,170610408,170611269,170611468,4,198,427,0.9041936637150747
12628,170610408,170611269,170611467,4,198,440,0.3573285993575782
12629,170610408,170611269,170611455,4,186,436,0.6459768583877464
12630,170610408,170611269,170611460,4,191,438,0.13868681355183488
12631,170610408,170611269,170611463,4,193,450,0.6916484872777968
12632,170610408,170611269,170611466,4,196,438,0.03824994364193135
12633,170610408,170611269,170611468,4,199,439,0.8585766150488359
12637,170610408,170611282,170611496,4,213,446,0.35916186317494336
12638,170610408,170611282,170611478,4,195,448,2.6434280268716748e-05
12639,170610408,170611282,170611478,4,196,447,0.3363759406946554
12640,170610408,170611282,170611473,4,190,430,0.40655929085562936
12641,170610408,170611283,170611491,4,208,453,0.6112423416310651
12642,170610408,170611283,170611476,4,193,445,0.6807862615245506
12643,170610408,170611283,170611480,4,197,445,0.8502889859745628
12644,170610408,170611283,170611476,4,193,450,0.5841681696251366
12645,170610408,170611283,170611483,4,200,442,0.44699087306486474
12646,170610408,170611283,170611483,4,200,439,0.8761278234886086
12647,170610408,170611283,170611479,4,196,432,0.636476095272725
12648,170610408,170611283,170611485,4,202,449,0.4777844691811336
12650,170610408,170611295,170611500,4,205,430,0.8699850912008844
12651,170610408,170611295,170611482,4,186,430,0.0828350449630838
12652,170610408,170611295,170611487,4,191,430,0.8058902480694616
12653,170610408,170611295,170611484,4,188,430,0.8266926227289471
12654,170610408,170611295,170611488,4,192,430,0.012312283721748307
12655,170610408,170611295,170611480,4,184,430,0.997792027012586
12656,170610408,170611295,170611480,4,184,429,0.4290092916323145
12657,170610408,170611295,170611498,4,202,430,0.406391961818345
12658,170610408,170611295,170611492,4,196,430,0.7665178341189224
12659,170610408,170611295,170611489,4,193,429,0.5602399079081978
12660,170610408,170611295,170611489,4,193,429,0.927833661169029
12661,170610408,170611295,170611504,4,208,430,0.07336797874889578
12663,170610408,170611308,170611504,4,195,432,0.6941537407959
12664,170610408,170611308,170611498,4,190,426,0.41859388972776557
12665,170610408,170611308,170611505,4,196,437,0.4959637125806755
12666,170610408,170611308,170611502,4,194,431,0.018150900566596073
12667,170610408,170611308,170611504,4,195,432,0.9958515183356189
12668,170610408,170611308,170611505,4,197,432,0.28892259676571863
12671,170610408,170611321,170611518,4,197,432,0.6116377903571542
12672,170610408,170611321,170611545,4,224,439,0.4637470107933094
12673,170610408,170611334,170611531,4,197,429,0.8459411734157235
12674,170610408,170611334,170611539,4,205,451,0.6472858266368987
12675,170610408,170611334,170611517,4,183,425,0.7781940304478419
12676,170610408,170611334,170611386,4,52,296,0.7603491111230277
12680,170610408,170611348,170611542,4,194,453,0.09433848803410072
12681,170610408,170611348,170611552,4,203,446,0.5444243030502937
12685,170610408,170611361,170611548,4,187,432,0.6563046652460183
12686,170610408,170611361,170611572,4,211,437,0.758386853990631
12687,170610408,170611361,170611578,4,216,427,0.7246829954943063
12691,170610408,170611387,170611598,4,211,433,0.6230644612579032
12692,170610408,170611387,170611589,4,202,443,0.19318704071601123
12693,170610408,170611387,170611595,4,207,447,0.23121748938579378
12694,170610408,170611387,170611593,4,205,448,0.9260834127746547
12695,170610408,170611387,170611596,4,208,435,0.6294138776832704
12696,170610408,170611387,170611576,4,188,441,0.5926208401216947
12700,170610408,170611400,170611597,4,197,437,0.39780734099370707
12701,170610408,170611400,170611594,4,194,427,0.42189952025681154
12704,170610408,170611412,170611623,4,210,471,0.27174313906091574
12705,170610408,170611412,170611619,4,206,435,0.78560372052163
12706,170610408,170611412,170611615,4,203,472,0.12184580172947446
12707,170610408,170611412,170611606,4,193,451,0.8436727703476107
12708,170610408,170611412,170611598,4,186,435,0.7773762509472666
12709,170610408,170611412,170611607,4,194,450,0.034227018896382466
12330,170610408,170611931,170612125,4,193,436,0.9678411842404475
12702,170610408,170611400,170611590,4,190,432,0.054198766149573974
12710,170610408,170611412,170611614,4,201,449,0.1917099586526031
12711,170610408,170611412,170611658,4,245,435,0.7109423431779656
12712,170610408,170611412,170611628,4,216,435,0.19911255114324466
12713,170610408,170611412,170611615,4,202,448,0.7162141466350078
12715,170610408,170611425,170611629,4,204,440,0.9225651286980628
12716,170610408,170611425,170611636,4,211,435,0.830951355492965
12717,170610408,170611425,170611610,4,185,431,0.8246364974089448
12718,170610408,170611425,170611611,4,185,432,0.13905620515067219
12721,170610408,170611437,170611634,4,196,431,0.9796925572982972
12722,170610408,170611437,170611626,4,188,439,0.5336014987993392
12723,170610408,170611437,170611628,4,190,430,0.00021813769823597617
12728,170610408,170611477,170611667,4,190,439,0.22390892657402506
12729,170610408,170611477,170611684,4,207,431,0.6160854851998926
12731,170610408,170611490,170611682,4,192,432,0.53123263009265
12732,170610408,170611490,170611526,4,35,133,0.467833199671446
12736,170610408,170611503,170611715,4,212,441,0.8332101029360307
12739,170610408,170611515,170611717,4,202,435,0.40695195575936416
12740,170610408,170611515,170611713,4,198,441,0.38547363918984856
12741,170610408,170611515,170611712,4,197,436,0.8397978962646488
12742,170610408,170611515,170611715,4,199,430,0.6916325442087731
12743,170610408,170611515,170611637,4,122,428,0.12516599209500023
12744,170610408,170611515,170611710,4,194,449,0.24499396575509003
12745,170610408,170611515,170611714,4,199,432,0.4621646368226302
12746,170610408,170611515,170611721,4,206,427,0.4275517861238938
12748,170610408,170611528,170611735,4,207,427,0.8290280803312777
12773,170610408,170611578,170611763,4,184,427,0.48743875838665485
12774,170610408,170611578,170611790,4,212,432,0.6796727128321087
12776,170610408,170611591,170611790,4,199,457,0.5264287100661182
12777,170610408,170611591,170611787,4,196,431,0.6370872394582964
12778,170610408,170611591,170611784,4,193,430,0.5621569917764757
12779,170610408,170611591,170611806,4,215,445,0.4135984806126157
12780,170610408,170611591,170611749,4,158,435,0.1119765212649424
12783,170610408,170611604,170611812,4,208,430,0.47371884482281124
12784,170610408,170611604,170611803,4,199,433,0.19107636768429015
12785,170610408,170611604,170611798,4,194,433,0.3056367116471638
12786,170610408,170611604,170611802,4,198,447,0.6284691697645263
12787,170610408,170611604,170611799,4,195,448,0.8500731217996812
12797,170610408,170611616,170611806,4,190,426,0.3505233733199171
12798,170610408,170611616,170611808,4,192,432,0.9650502579616733
12804,170610408,170611646,170611833,4,187,424,0.1777290932914789
12805,170610408,170611646,170611853,4,206,430,0.8339838877578272
12806,170610408,170611646,170611859,4,212,430,0.7879140182517838
12807,170610408,170611646,170611855,4,209,430,0.8557382294681586
12808,170610408,170611648,170611843,4,195,426,0.12256388012423491
12809,170610408,170611648,170611841,4,193,424,0.7962873361811559
12810,170610408,170611648,170611835,4,187,430,0.3649565489686024
12811,170610408,170611648,170611852,4,204,430,0.19680369339260806
12812,170610408,170611648,170611846,4,198,429,0.09939232528654873
12813,170610408,170611648,170611842,4,194,424,0.1856513817242571
12814,170610408,170611648,170611843,4,195,424,0.13150384634542833
12815,170610408,170611648,170611856,4,208,429,0.3746715129577727
12816,170610408,170611648,170611842,4,194,424,0.5346634356105883
12817,170610408,170611648,170611848,4,200,430,0.6627560945499568
12818,170610408,170611648,170611839,4,191,424,0.034049010213471065
12820,170610408,170611659,170611864,4,204,436,0.16692620412477266
12822,170610408,170611669,170611860,4,190,444,0.5285731047608937
12824,170610408,170611679,170611890,4,211,433,0.5806775048665361
12825,170610408,170611679,170611868,4,189,431,0.2879933878942472
12826,170610408,170611679,170611892,4,212,431,0.09443521078602957
12827,170610408,170611679,170611873,4,193,453,0.6818028079590522
12828,170610408,170611679,170611886,4,206,432,0.6612467388704009
12829,170610408,170611679,170611868,4,189,432,0.6526513275337513
12830,170610408,170611679,170611895,4,215,445,0.8330206820291982
12831,170610408,170611679,170611887,4,207,437,0.9661613001515379
12832,170610408,170611679,170611865,4,186,451,0.5074499900248122
12833,170610408,170611679,170611872,4,192,435,0.5014228771906645
12834,170610408,170611679,170611881,4,201,430,0.8652098007178862
12835,170610408,170611679,170611880,4,200,427,0.14924857703785055
12836,170610408,170611679,170611727,4,47,199,0.14352167945690064
12837,170610408,170611679,170611881,4,201,439,0.1958546798429338
12838,170610408,170611679,170611883,4,204,436,0.029113017839114463
12839,170610408,170611679,170611876,4,196,448,0.930089695747122
12840,170610408,170611679,170611884,4,205,472,0.36995778314900896
12841,170610408,170611679,170611875,4,195,438,0.6011860784908372
12842,170610408,170611679,170611875,4,195,436,0.8930535473559399
12843,170610408,170611679,170611888,4,208,445,0.8347401840041536
12844,170610408,170611679,170611879,4,200,446,0.929337261039374
12845,170610408,170611679,170611878,4,198,427,0.8171256907234489
12846,170610408,170611679,170611868,4,188,439,0.05605594355760679
12847,170610408,170611679,170611867,4,187,436,0.10817632482373662
12848,170610408,170611679,170611880,4,200,434,0.026040562691702962
12849,170610408,170611679,170611884,4,204,440,0.33372504869832276
12850,170610408,170611679,170611888,4,208,436,0.14936901801610292
12851,170610408,170611679,170611881,4,201,460,0.8028122846908029
12852,170610408,170611679,170611889,4,209,439,0.4519748579783269
12853,170610408,170611679,170611877,4,197,425,0.5920693433632527
12854,170610408,170611679,170611888,4,208,437,0.47619876399537964
12855,170610408,170611679,170611888,4,208,435,0.3276745103459415
12856,170610408,170611679,170611892,4,213,450,0.61966786334494
12857,170610408,170611679,170611890,4,210,449,0.9905522772186526
12858,170610408,170611679,170611877,4,197,444,0.2790789360548347
12859,170610408,170611679,170611872,4,193,448,0.09020379145858837
12860,170610408,170611679,170611878,4,198,443,0.8804256821794879
12861,170610408,170611679,170611897,4,217,452,0.15397253698368407
12862,170610408,170611679,170611868,4,188,430,0.11074159096100256
12863,170610408,170611679,170611875,4,195,431,0.31438183110898654
12864,170610408,170611679,170611866,4,186,436,0.3994696967718032
12865,170610408,170611679,170611878,4,199,426,0.7800880760014355
12866,170610408,170611679,170611883,4,203,431,0.3289687987213752
12867,170610408,170611679,170611876,4,196,432,0.2270162749489293
12868,170610408,170611679,170611876,4,196,432,0.9363204700045068
12869,170610408,170611679,170611873,4,193,442,0.6894529634584424
12870,170610408,170611679,170611882,4,202,436,0.8079214225841299
12871,170610408,170611679,170611878,4,198,436,0.978687760196824
12872,170610408,170611679,170611869,4,189,444,0.9587650921250586
12873,170610408,170611679,170611866,4,187,436,0.9870104722056567
12874,170610408,170611679,170611888,4,208,442,0.04359037758183182
12875,170610408,170611679,170611880,4,200,427,0.267081005480719
12876,170610408,170611679,170611883,4,203,485,0.9874359009908167
12877,170610408,170611679,170611873,4,193,435,0.7180356834897735
12878,170610408,170611679,170611872,4,192,448,0.9283016684822859
12879,170610408,170611679,170611765,4,85,433,0.03654185404582022
12880,170610408,170611679,170611882,4,202,432,0.06795698569874886
12881,170610408,170611679,170611884,4,204,442,0.7365038000430224
12882,170610408,170611679,170611874,4,194,427,0.07769023632544625
12883,170610408,170611679,170611909,4,230,446,0.5299776244835676
12884,170610408,170611680,170611882,4,202,436,0.08527382096873637
12885,170610408,170611680,170611878,4,198,427,0.6936207104388868
12886,170610408,170611680,170611876,4,196,439,0.37024968489544285
12887,170610408,170611684,170611875,4,190,427,0.6392109823957114
12888,170610408,170611686,170611897,4,210,433,0.14759828393065522
12890,170610408,170611702,170611914,4,211,436,0.7946494199875441
12892,170610408,170611719,170611782,4,62,440,0.5911031537608742
12908,170610408,170611732,170611924,4,192,443,0.6931180963007672
12909,170610408,170611732,170611937,4,205,432,0.04752071981882888
12911,170610408,170611744,170611951,4,206,432,0.21518869619631187
12940,170610408,170611770,170611965,4,194,441,0.28499908942758734
12942,170610408,170611784,170611995,4,211,446,0.5971514501574664
12943,170610408,170611784,170611982,4,198,436,0.5390466100044705
12944,170610408,170611784,170612006,4,222,431,0.7589240312640348
12945,170610408,170611797,170611993,4,196,430,0.7020108355514273
12958,170610408,170611929,170612121,4,191,429,0.8683098214073338
12959,170610408,170611929,170612114,4,184,427,0.1507134882290776
12960,170610408,170611929,170612127,4,198,448,0.7519855646937539
12961,170610408,170611929,170612126,4,196,441,0.6745547527788058
12962,170610408,170611929,170612119,4,189,430,0.1868954072237311
12963,170610408,170611929,170612124,4,195,436,0.038325122560863956
12964,170610408,170611929,170612118,4,188,430,0.34264412214134
12965,170610408,170611929,170612118,4,189,430,0.04677366039856212
12966,170610408,170611929,170612119,4,190,433,0.5578997462929085
12967,170610408,170611929,170612125,4,196,431,0.3314777528065693
12968,170610408,170611929,170612121,4,191,430,0.7699141507216266
12969,170610408,170611929,170612122,4,193,431,0.9522685254284269
12970,170610408,170611929,170612120,4,191,432,0.8607212534159103
12971,170610408,170611929,170612123,4,193,437,0.20173372835928338
12972,170610408,170611929,170612120,4,190,432,0.3134307959548335
12973,170610408,170611929,170612134,4,204,435,0.7954493259485388
12974,170610408,170611931,170612124,4,192,444,0.24527810335246836
12331,170610409,170610415,170619059,1,8644,55,0.17676024672454604
12332,170610415,170610443,170610465,1,21,84,0.4331508421913456
12333,170610418,170611943,170620586,4,8642,54,0.8144987706313472
12334,170610419,170611943,170620586,4,8642,54,0.7022832787936688
12335,170610419,170610441,170610473,1,31,81,0.46287306973413933
12337,170610460,170611203,170611219,128,16,426,0.681878929513257
12338,170610460,170611591,170611622,256,30,438,0.9436550136780896
12339,170610462,170611633,170611678,256,44,153,0.24259008529142523
12340,170610462,170610545,170610556,4,10,18,0.662197169553539
12341,170610462,170611229,170611245,128,16,121,0.7290613406282316
12342,170610463,170610596,170610622,64,25,419,0.08440183722035699
12343,170610463,170610635,170610657,32,22,98,0.999629031676388
12344,170610471,170610481,170610500,2,19,30,0.18645447764010015
12345,170610474,170610481,170610491,1,10,44,0.20565659948047088
12346,170610478,170610724,170610727,1,3,25,0.4668268359687814
12347,170610488,170611943,170612023,4,79,66,0.20171498015803024
12348,170610494,170610518,170610534,8,15,30,0.47232481675614
12349,170610525,170610525,170613114,1,2588,23,0.6460456752790756
12350,170610525,170613128,170615726,1,2598,40,0.9912895970252241
12351,170610525,170616911,170619498,1,2587,23,0.8183474152591695
12352,170610525,170619526,170622110,1,2584,27,0.49858714356080025
12353,170610525,170623195,170625774,1,2578,21,0.2999649654012305
12354,170610525,170625785,170628376,1,2591,21,0.46347809826090336
12355,170610525,170628383,170630975,1,2592,22,0.9533753168145052
12356,170610525,170631835,170634422,1,2587,23,0.6038363563986777
12357,170610525,170634424,170637014,1,2590,23,0.37959942785723766
12358,170610525,170637016,170639595,1,2579,23,0.7880894134117075
12359,170610526,170610722,170610747,1,24,51,0.35074111627260585
12360,170610530,170610656,170610903,1,246,91,0.07484957803571068
12361,170610544,170610552,170610655,1,102,175,0.5285441649315143
12362,170610549,170610549,170610591,8,42,25,0.399147038646528
12363,170610552,170610558,170610577,2,19,22,0.07013891540256223
12364,170610555,170610558,170611160,1,601,34,0.5496938535634921
12365,170610556,170612050,170613834,16,1783,165,0.5105899836760356
12366,170610574,170611956,170614829,8,2872,27,0.24642110838433784
12367,170610574,170610578,170610672,1,93,73,0.72893288609936
12368,170610576,170611956,170613279,16,1323,32,0.6531205237329669
12369,170610586,170610596,170610709,1,112,21,0.6715283342645902
12370,170610608,170610661,170611026,1,364,31,0.38868260854686976
12371,170610610,170610892,170610902,4,10,18,0.4341029248806888
12372,170610620,170610635,170610648,2,13,19,0.136560736952406
12373,170610631,170610635,170610668,1,32,55,0.42458345848628865
12374,170610632,170610635,170617000,1,6364,85,0.7880695482524221
12380,170610646,170610646,170610676,8,29,25,0.01393991895873059
12390,170610663,170610673,170611399,1,725,55,0.3492873514388163
12391,170610666,170610680,170610725,8,44,33,0.5019312482996162
12392,170610677,170610682,170610740,1,57,138,0.006357802208880159
12393,170610681,170610683,170610691,1,8,41,0.3690508852213408
12394,170610683,170610689,170610716,1,26,66,0.3113653030767566
12395,170610688,170611956,170618942,3,6985,41,0.9601799641685915
12396,170610688,170610693,170610699,1,6,41,0.41921448792290394
12397,170610688,170611968,170613896,3,1927,36,0.6420882765873167
12398,170610689,170611968,170612067,3,99,35,0.8385896365846865
12399,170610692,170610701,170611231,1,529,80,0.08639919004611529
12400,170610696,170610699,170610705,2,6,20,0.3303183961646181
12407,170610712,170610725,170610829,1,104,27,0.5485071849580787
12408,170610717,170611269,170611277,1,7,18,0.7464210312005196
12409,170610718,170611412,170611422,1,9,18,0.41888996003480305
12410,170610718,170611591,170611606,1,15,23,0.3198920514920982
12411,170610721,170610721,170610836,1,115,71,0.5907503701921751
12412,170610727,170610731,170610779,8,48,27,0.17670626271980006
12413,170610731,170610731,170610734,1,2,22,0.45462703033055973
12414,170610734,170610734,170610770,1,35,28,0.6759477224579399
12415,170610738,170610738,170610942,1,203,31,0.5910583089441809
12416,170610740,170610905,170610952,2,46,23,0.7123353415289415
12418,170610759,170612318,170613042,1,724,46,0.7435861251127682
12419,170610759,170612318,170613042,1,724,45,0.6353125362036202
12420,170610760,170610771,170610775,1,3,28,0.42154279682732065
12422,170610769,170610776,170610901,1,125,21,0.8245416596062689
12423,170610774,170610777,170610832,1,55,37,0.38045247511444935
12424,170610777,170610806,170611049,1,242,25,0.7636661316148214
12425,170610778,170610801,170611701,1,899,29,0.7066855902785139
12426,170610778,170611943,170612851,1,907,26,0.5809981433302543
12427,170610778,170611943,170612852,1,908,26,0.08200741337859274
12428,170610780,170610806,170610831,1,24,55,0.09526693584145418
12429,170610780,170611943,170612851,1,907,27,0.562663595714702
12430,170610783,170610806,170610887,1,80,22,0.9114300376262499
12436,170610801,170610834,170610894,8,60,426,0.7476709478226847
12437,170610811,170610814,170611001,1,187,143,0.3073503075426982
12438,170610812,170610812,170611534,1,721,34,0.8508155628754182
12439,170610814,170610834,170611518,1,684,37,0.7372744119607629
12441,170610833,170611943,170612851,1,907,26,0.30137804077186925
12443,170610836,170610836,170611555,1,719,30,0.7569526872349839
12447,170610849,170610849,170610879,1,30,73,0.3987307601394441
12452,170610859,170610866,170610880,1,14,17,0.8043645122254776
12456,170610861,170610866,170612288,4,1422,68,0.6067152600567519
13076,170610861,170612289,170613733,4,1444,69,0.39811381593645345
13438,170610861,170613734,170615156,4,1422,67,0.8612713105038136
13656,170610861,170615158,170616577,4,1419,68,0.04967685563138724
13787,170610861,170616579,170617998,4,1419,69,0.5333458097833921
13806,170610861,170618000,170619428,4,1428,70,0.5707885976877931
13810,170610861,170619429,170620850,4,1420,67,0.7299848355260816
13813,170610861,170620852,170622273,4,1421,68,0.44486054515423257
13816,170610861,170622274,170623693,4,1419,415,0.7944531383109645
13819,170610861,170623695,170625113,4,1418,67,0.38794057868543597
13822,170610861,170625115,170626535,4,1419,67,0.4402714887333382
13825,170610861,170626536,170627957,4,1421,67,0.9141116491182115
13828,170610861,170627958,170628179,4,221,64,0.03223419481883527
13830,170610861,170628181,170629602,4,1420,77,0.2964862550332009
13833,170610861,170629603,170629689,4,86,77,0.46629573968466576
12453,170610865,170611490,170611508,64,18,45,0.1775560736031292
12461,170610873,170610905,170611623,1,718,65,0.45561759956362546
12462,170610875,170610879,170610884,1,5,18,0.9891241260571848
12466,170610886,170611229,170611259,4,30,63,0.640008948338081
12479,170610887,170610905,170612348,4,1442,74,0.05850718983700964
13084,170610887,170612349,170613768,4,1418,70,0.06935297239383031
13459,170610887,170613769,170615188,4,1419,70,0.832842310142396
13657,170610887,170615190,170616607,4,1417,69,0.8676660893896428
13788,170610887,170616609,170618026,4,1416,71,0.16425532252121566
13807,170610887,170618027,170619443,4,1415,71,0.7770238253548939
13811,170610887,170619445,170620862,4,1416,70,0.7900175444557929
13814,170610887,170620862,170622279,4,1416,68,0.5246985345994478
13817,170610887,170622281,170623696,4,1415,71,0.43469692832210394
13820,170610887,170623701,170625117,4,1415,67,0.8890927455054133
13823,170610887,170625119,170626535,4,1415,70,0.38585752420747554
13826,170610887,170626538,170627957,4,1419,67,0.7130811314463433
13829,170610887,170627959,170629379,4,1419,70,0.864485956965169
13832,170610887,170629381,170630176,4,794,66,0.07257624395314943
13834,170610887,170630178,170631598,4,1419,77,0.736384424717467
13836,170610887,170631600,170631912,4,312,77,0.9127854888272428
13838,170610887,170631914,170631919,4,5,65,0.8407777156349154
12468,170610889,170610889,170611251,2,361,484,0.7283220499986981
12469,170610889,170611216,170612072,1,856,28,0.4100240710338473
12470,170610892,170610893,170610915,1,22,26,0.24264845687976666
12472,170610894,170610896,170610935,1,38,43,0.3442054370057841
12476,170610902,170610917,170610988,1,70,26,0.29139117697965533
12484,170610908,170610949,170610960,1,10,34,0.12429959454531592
12487,170610909,170611943,170612092,1,148,28,0.7001182402045676
12489,170610909,170610910,170610926,8,15,37,0.18888018589417632
12496,170610926,170610945,170611203,1,258,35,0.10687925636516526
12499,170610932,170610940,170611016,8,75,37,0.8377345084512338
12500,170610932,170610936,170610947,1,10,34,0.964166240345492
12503,170610941,170611943,170612445,1,502,27,0.21571949202652785
12504,170610943,170611943,170612445,1,502,28,0.4155008463463097
12508,170610953,170610957,170611112,1,154,59,0.6908316829975669
12509,170610954,170611956,170611963,1,7,21,0.6407862435251028
12978,170610954,170611956,170611963,1,7,20,0.6196415362956453
12979,170610954,170611956,170611963,1,7,19,0.6843620029032073
12980,170610954,170611956,170611963,1,7,20,0.37099026715294503
12981,170610954,170611956,170611963,1,7,18,0.11982357121226017
12512,170610961,170610961,170610978,1,16,34,0.5432651000391813
12513,170610963,170611956,170611963,1,7,17,0.5984909549883716
12982,170610963,170611956,170611963,1,7,19,0.9699309872513132
12983,170610963,170611956,170611963,1,7,17,0.02136997880449687
12984,170610963,170611956,170611963,1,7,29,0.9235332379469208
12985,170610963,170611956,170611963,1,7,17,0.6155339309960367
12986,170610978,170611956,170611963,1,7,17,0.7072346185763113
12987,170610978,170611956,170611963,1,7,19,0.44157935436508045
12517,170610980,170611629,170611635,1,5,45,0.49308388204790565
12518,170610983,170610983,170611011,1,27,58,0.6004739691470715
12521,170610984,170610984,170610987,1,2,38,0.14519295474300897
12522,170610987,170610989,170611005,1,15,25,0.7609618022542165
12525,170610994,170610994,170611026,1,31,49,0.054787595206485906
12531,170611004,170611007,170611016,1,9,25,0.008194000812076774
12532,170611005,170611018,170611049,1,31,50,0.9831918416707277
12534,170611010,170611013,170611431,1,418,40,0.38540414493804154
12538,170611022,170611068,170611143,1,74,55,0.6526504168511565
12540,170611030,170611080,170611086,1,5,35,0.45316057958082223
12541,170611032,170611045,170611056,1,11,55,0.8187999438897876
12542,170611033,170611033,170611043,1,10,55,0.6978566289337419
12543,170611035,170611229,170611331,4,101,103,0.6653201482585398
12544,170611037,170611051,170611064,2,13,36,0.20808940284916566
12546,170611039,170611956,170612286,4,330,40,0.6745294528030836
12547,170611040,170611049,170611060,1,11,19,0.5909953746215486
12548,170611044,170611048,170611066,1,17,202,0.49360089543892216
12549,170611048,170611049,170611060,1,11,19,0.8708246873189034
12552,170611049,170611062,170611073,1,10,23,0.32226470421908826
12553,170611050,170611074,170611091,1,17,36,0.9218964050558875
12554,170611051,170611062,170611073,1,10,22,0.3980426344901534
12556,170611053,170611062,170611073,1,10,32,0.8443091490056759
12557,170611054,170611062,170611073,1,10,24,0.776629039383625
12558,170611055,170611068,170611077,1,9,36,0.8229942761626485
12559,170611055,170611088,170611315,1,227,50,0.019426143300733556
12560,170611055,170611059,170611089,1,30,66,0.8859389477401012
12562,170611066,170611239,170611336,1,97,68,0.61363047711567
12563,170611073,170611300,170611388,1,88,65,0.12571889537263314
12566,170611078,170611090,170611220,1,129,66,0.18435387826499383
12567,170611093,170611304,170611346,1,41,86,0.47089404551968805
12568,170611095,170611232,170611625,1,392,46,0.9339102546687452
12571,170611102,170611114,170611138,2,24,23,0.24653433410324455
12572,170611108,170611126,170611142,1,16,30,0.04806553946390202
12573,170611110,170611145,170611163,1,18,68,0.49291253541288405
12574,170611112,170611758,170611801,1,43,66,0.9556217289045772
12575,170611117,170611205,170611237,1,32,68,0.1296996971795169
12577,170611130,170611138,170611323,1,184,94,0.23883796166897753
12579,170611140,170611151,170611193,2,41,25,0.9056604778398036
12580,170611148,170611152,170611154,1,2,17,0.11217145412227225
12582,170611161,170611348,170611458,1,110,83,0.8778292465262028
12583,170611166,170611269,170611275,1,5,19,0.44389018130608515
12584,170611168,170611170,170611187,1,17,46,0.374115616455713
12585,170611169,170611215,170612141,1,925,50,0.0366940100985822
12586,170611184,170611190,170611207,1,16,57,0.48471701352818275
12587,170611193,170611210,170611222,1,12,68,0.5177092489880402
12588,170611195,170611270,170611280,1,10,21,0.7201496254037238
12589,170611212,170611222,170611282,1,59,54,0.13298663894177032
12591,170611223,170611224,170611235,1,10,41,0.4587866589735088
12602,170611231,170611269,170611813,1,543,58,0.16822329260307345
12603,170611231,170613044,170613117,4,72,47,0.5208296623119113
12604,170611232,170611237,170611252,1,15,51,0.6114389310423928
12605,170611236,170611256,170611440,1,184,32,0.9094791773447706
12606,170611243,170611255,170611265,1,10,51,0.0879030439193994
12607,170611247,170611270,170611274,1,4,22,0.3699817924957918
12608,170611248,170611356,170611373,1,16,73,0.42217606291779
12609,170611250,170611270,170611274,1,4,19,0.7863286858607774
12610,170611251,170611270,170611274,1,4,22,0.2336906185487846
12618,170611258,170611269,170611519,1,250,33,0.9269722876690761
12619,170611263,170611285,170611301,1,15,56,0.08398823759604246
12620,170611268,170611269,170611395,1,125,23,0.7710795183350827
12621,170611268,170611271,170611283,1,12,33,0.07387136433149166
12634,170611270,170611283,170611307,2,23,24,0.9630355349344066
12635,170611270,170611284,170611294,1,10,43,0.13037442522030107
12636,170611275,170611943,170616266,4,4323,75,0.9656182108148976
12649,170611286,170611296,170611307,2,11,21,0.8019285095654114
12662,170611305,170611317,170611332,1,15,32,0.148902469011869
12669,170611308,170611321,170611344,2,22,25,0.6133633784518191
12670,170611320,170611321,170611343,8,22,30,0.718452537035785
12677,170611336,170611956,170611984,4,28,42,0.0061975236874854955
12678,170611337,170611338,170611357,1,18,45,0.7026343837873914
12679,170611338,170611339,170611354,1,15,73,0.6225254045551276
12682,170611348,170611358,170611579,1,221,85,0.7670680035104646
12683,170611354,170611932,170618984,4,7052,134,0.4241290279793303
12684,170611355,170611932,170620574,4,8642,134,0.3519398998768911
12688,170611366,170611374,170611413,8,38,26,0.7109210863150338
12689,170611370,170611375,170611411,2,36,31,0.8041865917114429
12690,170611370,170611375,170611472,1,97,83,0.14784797919117254
12697,170611393,170611399,170611491,1,91,54,0.7374512265713463
12698,170611397,170611433,170611445,1,12,40,0.04422589178168912
12699,170611399,170611810,170612535,1,725,26,0.024314580469498526
12703,170611407,170611413,170611417,1,4,16,0.9694933973592601
12714,170611413,170611943,170620585,1,8642,27,0.5156113436853653
12719,170611430,170611466,170611747,1,281,306,0.6664363206320866
12720,170611435,170611437,170611477,16,39,31,0.867799377816725
12724,170611441,170611466,170611488,1,22,33,0.032298828124485035
12726,170611473,170611492,170612216,1,723,53,0.28472842231782514
12727,170611476,170611478,170611502,1,23,51,0.9962832642315473
12730,170611480,170611490,170611592,1,102,64,0.1298241817964365
12733,170611493,170611943,170611946,8,2,27,0.9062864098468092
12734,170611497,170611503,170611797,1,293,69,0.11205774372708521
12735,170611499,170611503,170611544,2,41,39,0.9061559360117093
12737,170611509,170611515,170611703,1,187,151,0.5633670380738774
12738,170611512,170611520,170611618,1,97,57,0.6102911314643839
12747,170611518,170611581,170612303,1,721,85,0.640824826814533
12749,170611533,170611540,170611554,64,13,42,0.8471945086958611
12750,170611534,170611621,170612318,1,696,33,0.0014223838438545133
12751,170611534,170611535,170611631,1,95,67,0.67433700507522
12752,170611542,170611557,170611657,1,99,58,0.03496594984013213
12753,170611542,170611943,170612774,1,831,26,0.6691198949573575
12754,170611544,170611943,170612774,1,831,24,0.577328939679735
12755,170611545,170611594,170611690,1,95,65,0.06399078960446902
12756,170611547,170611942,170612018,128,75,43,0.49446560608139545
12757,170611547,170611943,170612774,1,831,22,0.20938893828048
12758,170611548,170611945,170612048,128,102,67,0.9031980961040844
12759,170611548,170611943,170612774,1,831,23,0.619520214514711
12760,170611549,170612020,170620664,32,8644,353,0.5633224397201482
12761,170611550,170611943,170612774,1,831,27,0.4555267177322291
12762,170611550,170611943,170612774,1,831,28,0.6990494403130344
12763,170611551,170611943,170612774,1,831,28,0.6096358082925634
12764,170611554,170611943,170612618,1,674,29,0.29297705475738434
12765,170611554,170611943,170612622,1,678,18,0.4267199452454501
12766,170611554,170612020,170612048,128,28,160,0.8481343797871366
12767,170611555,170611943,170612614,1,670,31,0.8730051717754925
12768,170611556,170611943,170612085,1,142,26,0.0980219955674495
12769,170611557,170611943,170612086,1,143,25,0.026821263314660282
12770,170611557,170611956,170612116,1,160,19,0.4874052252063473
12771,170611559,170611658,170612378,1,719,41,0.7986765387565619
12772,170611573,170611719,170612207,1,488,276,0.48522100494736065
12775,170611583,170611956,170612318,16,362,248,0.1221549979194213
12781,170611593,170611758,170611771,1,13,20,0.9221702805556744
12782,170611594,170611926,170611936,2,10,41,0.6210065928874539
12788,170611609,170611943,170611964,1,20,27,0.15123162553458203
12789,170611609,170611943,170611964,1,20,31,0.38783605981277625
12790,170611609,170611943,170611964,1,20,25,0.5995017477043079
12791,170611609,170611943,170611964,1,20,26,0.9742683918685537
12792,170611609,170611943,170611964,1,20,25,0.5115967803178534
12793,170611609,170611943,170611964,1,20,25,0.3532304739482075
12794,170611609,170611943,170611964,1,20,25,0.24108580186729744
12795,170611609,170611943,170611964,1,20,25,0.18492396955772505
12796,170611614,170611639,170611793,16,153,430,0.6072556544991184
12801,170611623,170611758,170611764,1,6,22,0.37988324984062416
12802,170611623,170611638,170611912,3,273,137,0.7585677992576237
12803,170611624,170611654,170613094,1,1439,63,0.4529103391572378
12823,170611676,170611691,170611712,1,20,47,0.21317251940274728
12889,170611701,170611956,170612865,1,909,25,0.8965221725665176
12891,170611710,170611782,170611800,64,18,51,0.8140859427285233
12893,170611730,170616799,170617164,16,364,31,0.35677935848820386
12894,170611730,170617538,170617903,16,364,34,0.9163349626067534
12895,170611730,170618668,170619032,16,363,33,0.3862532890998388
12896,170611730,170619632,170619996,16,363,39,0.7555275840739747
12897,170611730,170614411,170614775,4,364,27,0.1653911499215187
12898,170611730,170615007,170615370,4,363,27,0.849983269325943
12899,170611730,170615377,170615740,4,362,27,0.46999513669902504
12900,170611730,170615772,170616134,4,362,40,0.9902562216967052
12901,170611731,170616188,170616551,4,363,29,0.1047717708611059
12902,170611731,170616555,170616918,4,362,413,0.72038835630567
12903,170611731,170615759,170616122,8,362,31,0.2605961777962378
12904,170611731,170616422,170616785,8,363,34,0.04924390620541386
12905,170611731,170616799,170617164,8,364,34,0.4436771647888217
12906,170611731,170617211,170617575,8,364,33,0.12902254694881343
12907,170611731,170617587,170617951,8,364,44,0.6022684420059681
12913,170611752,170611802,170611819,64,16,442,0.8910472834929033
12914,170611752,170611815,170611831,64,16,439,0.18339369260958238
12915,170611752,170611822,170611840,64,18,51,0.39227950811768353
12916,170611752,170611834,170611852,64,17,46,0.6056166448862349
12917,170611752,170611844,170611861,64,17,51,0.3220242455791844
12918,170611752,170611855,170611872,64,17,37,0.18090133939532727
12919,170611752,170611863,170611880,64,17,424,0.655650162888659
12920,170611753,170611867,170611885,64,17,44,0.30234780412719786
12921,170611753,170611874,170611891,64,16,430,0.29743457972892284
12922,170611753,170611877,170611893,64,16,448,0.4105270494016664
12923,170611753,170611885,170611902,64,16,430,0.44784586315036745
12924,170611753,170611885,170611902,64,16,434,0.7528422768240943
12925,170611753,170611887,170611903,64,16,466,0.3971716675607516
12926,170611753,170611889,170611906,64,16,480,0.3069812692375703
12927,170611753,170611893,170611909,64,16,37,0.6151806724533584
12928,170611753,170611895,170611912,64,16,61,0.41838723866492167
12929,170611753,170611904,170611921,64,16,32,0.11275828592331616
12930,170611753,170611904,170611921,64,16,43,0.14936083097648145
12931,170611753,170611905,170611921,64,16,61,0.8822155713023743
12932,170611753,170611907,170611924,64,16,68,0.6009976386163006
12933,170611753,170611911,170611927,64,16,46,0.8450522948774721
12934,170611753,170611913,170611930,64,16,40,0.7518479385271541
12935,170611753,170611923,170611941,64,17,32,0.7879231206764787
12936,170611753,170611923,170611940,64,17,47,0.9914201247736368
12937,170611753,170611923,170611940,64,17,41,0.7748091701739108
12938,170611753,170611926,170611943,64,17,60,0.5344145319498835
12939,170611753,170611926,170611944,64,17,443,0.2887711861590946
12941,170611774,170611784,170611965,1,180,77,0.031441411853040724
12976,170611784,170611943,170613366,4,1422,60,0.14889594512042392
13342,170611784,170613374,170614796,4,1422,62,0.9089706549675659
13621,170611784,170614797,170614843,4,46,414,0.9580682538467428
13630,170611784,170614843,170616259,4,1416,74,0.9240094956676469
13744,170611784,170616261,170617681,4,1420,63,0.6896368899457732
13805,170611784,170617681,170619098,4,1416,61,0.35755964965938025
13809,170611784,170619099,170620520,4,1420,63,0.8539544185944928
13812,170611784,170620522,170621943,4,1421,63,0.24014606961252283
13815,170611784,170621944,170623364,4,1419,63,0.7272669058203762
13818,170611784,170623366,170624784,4,1418,61,0.571697852601828
13821,170611784,170624785,170626204,4,1418,64,0.8420988893108783
13824,170611784,170626207,170627626,4,1419,64,0.8685212998571192
13827,170611784,170627627,170629048,4,1421,64,0.8938861360458629
13831,170611784,170629050,170630470,4,1419,64,0.15339824642344135
13835,170611784,170630471,170631893,4,1421,61,0.8799912632164656
13837,170611784,170631894,170633316,4,1421,61,0.9977048795929216
13839,170611784,170633317,170634734,4,1417,64,0.18673526961654952
13840,170611784,170634735,170636160,4,1425,61,0.7887689829469904
13841,170611784,170636163,170636556,4,393,61,0.5077310171075934
13842,170611784,170636558,170637978,4,1420,75,0.7315644616856503
13843,170611784,170637980,170638312,4,332,75,0.9818076229278812
12946,170611801,170611958,170612649,1,690,38,0.014162908464212864
12947,170611802,170611803,170611814,1,11,66,0.5358604002212671
12948,170611802,170611804,170611814,1,10,56,0.3710111168295336
12949,170611802,170611816,170611821,1,5,44,0.9636617741977136
12950,170611805,170611816,170612540,1,724,52,0.43501986166275397
12951,170611809,170611926,170612648,1,722,46,0.931558985387383
12952,170611825,170611827,170611838,1,10,43,0.5747588321251584
12953,170611830,170611840,170611888,1,48,69,0.6452939799996072
12956,170611893,170611895,170611902,1,6,27,0.4607801714879034
12957,170611894,170611904,170611909,1,5,27,0.575475109248057
12975,170611940,170611942,170611957,1,15,36,0.855491058490103
12977,170611953,170611955,170611972,1,17,27,0.8019539052096668
12988,170611960,170611968,170612938,4,969,68,0.92051164905016
12989,170611962,170611965,170612046,1,81,143,0.9178014334324237
12990,170611976,170611978,170611983,1,4,18,0.5397670510615981
12991,170611989,170612000,170612123,1,123,237,0.5403063493213973
12992,170611993,170612048,170612151,1,103,193,0.8777610134836559
12993,170611995,170612005,170620649,1,8643,37,0.8736533688826501
12994,170611997,170612005,170612014,1,8,28,0.4838548657654336
12995,170611998,170612160,170612235,1,74,197,0.32271654808124906
12996,170612008,170612018,170612040,1,22,18,0.8260974240785468
12997,170612008,170612018,170612040,1,22,45,0.535339630759384
12998,170612008,170612018,170612040,1,22,21,0.21119451689017632
12999,170612008,170612018,170612040,1,22,24,0.462383770960374
13000,170612008,170612018,170612040,1,22,20,0.0718739121451124
13001,170612008,170612018,170612040,1,22,21,0.17415772448005906
13002,170612008,170612018,170612040,1,22,19,0.6187639818773133
13003,170612008,170612018,170612040,1,22,19,0.049011346360204544
13004,170612011,170612218,170612222,2,4,35,0.27571323622969257
13005,170612022,170612024,170612030,1,5,18,0.8826833023856172
13007,170612030,170612030,170612035,1,4,28,0.9379516846986747
13008,170612033,170612033,170612037,1,4,18,0.7164441338785217
13009,170612041,170612041,170614752,4,2710,153,0.15942339422920826
13010,170612043,170612165,170612167,1,2,31,0.9411513509962679
13011,170612047,170612047,170612683,1,636,309,0.7492375762203852
13013,170612053,170612053,170612233,1,179,101,0.6725152414837714
13014,170612056,170612056,170612063,1,7,19,0.5484097747994071
13016,170612069,170612069,170612074,1,5,19,0.2204281707726503
13017,170612072,170612073,170612920,1,847,26,0.00480494010534438
13020,170612095,170612095,170617806,1,5710,64,0.11344846942461573
13021,170612095,170612095,170617806,1,5710,63,0.09562182641093597
13022,170612095,170612095,170612164,1,68,66,0.031491070739892435
13023,170612095,170612096,170612163,1,66,54,0.6450492230975085
13024,170612096,170612096,170612175,1,79,60,0.2767925417802397
13025,170612103,170612104,170616934,1,4830,36,0.1557145081811221
13026,170612104,170612104,170616938,1,4834,36,0.43437325298305507
13027,170612109,170612110,170612117,16,6,54,0.9301852004864123
13028,170612115,170612115,170612304,1,188,54,0.35963335449550726
13029,170612123,170612126,170612150,1,23,425,0.8838752653448341
13030,170612123,170612126,170612150,1,23,424,0.33504660106819184
13031,170612123,170612126,170612150,1,23,425,0.6363760460896415
13032,170612123,170612126,170612150,1,23,19,0.5708823701795316
13033,170612123,170612126,170612150,1,23,424,0.78810307833355
13034,170612123,170612126,170612150,1,23,424,0.6587858629310273
13035,170612123,170612126,170612150,1,23,424,0.6682930360699143
13036,170612123,170612126,170612150,1,23,430,0.9433385147552764
13039,170612130,170612174,170612182,128,7,54,0.15992958620946285
13040,170612130,170612185,170612192,16,6,42,0.02063751598990804
13041,170612136,170612223,170612227,1,3,28,0.8018607121606371
13042,170612137,170612168,170612182,1,13,18,0.8973457846513938
13046,170612158,170612223,170612271,1,48,68,0.33146153682283785
13047,170612161,170612236,170612302,1,66,66,0.014733866806058371
13048,170612166,170612237,170612287,1,50,156,0.424258699177275
13049,170612167,170612169,170612234,1,64,42,0.9135212770822796
13050,170612169,170612180,170612203,1,22,20,0.4530733677162935
13051,170612169,170612185,170612206,1,21,33,0.688279985388511
13052,170612169,170612180,170612202,1,21,19,0.46242894449271144
13053,170612169,170612180,170612202,1,21,19,0.425394464975015
13054,170612169,170612180,170612202,1,22,20,0.1725180094431501
13055,170612169,170612180,170612202,1,22,20,0.1695891470841453
13056,170612169,170612185,170612207,1,21,40,0.3456481431484202
13057,170612169,170612185,170612206,1,20,20,0.8552839224499058
13060,170612225,170612229,170612255,1,26,97,0.11949502359110387
13063,170612237,170612238,170612774,1,536,22,0.4393195338236371
13065,170612258,170612258,170614621,1,2363,32,0.11834463848809584
13066,170612258,170612258,170614610,1,2352,30,0.9204904271021
13067,170612258,170612258,170614611,1,2352,30,0.8121482256027055
13068,170612258,170612259,170614613,1,2354,30,0.8928459517593268
13069,170612258,170612259,170614607,1,2347,29,0.7285423362555734
13070,170612258,170612259,170614606,1,2346,30,0.8314285863736041
13071,170612258,170612259,170614611,1,2351,31,0.9461600128263264
13072,170612258,170612259,170614612,1,2352,29,0.11730052198050267
13073,170612272,170612273,170612575,1,302,131,0.2847246830524862
13074,170612288,170612288,170612440,4,152,24,0.9521662921006568
13075,170612289,170612309,170612486,1,177,58,0.32417832630292
13078,170612291,170612304,170612306,1,1,46,0.9315632228708035
13079,170612291,170612304,170612306,1,1,66,0.7283534810389596
13077,170612297,170612298,170612308,1,9,19,0.6357057326387485
13080,170612318,170612337,170613008,1,671,45,0.8173580106643775
13081,170612318,170612320,170613008,1,688,31,0.5095220192899242
13083,170612345,170612345,170612414,1,68,109,0.556846570241714
13085,170612372,170612474,170612547,1,73,55,0.9612737591045025
13086,170612378,170612378,170612412,8,33,40,0.8330108693361351
13087,170612381,170612435,170613154,1,719,37,0.41084405682059255
13088,170612382,170612585,170614604,1,2018,25,0.40575696313930765
13107,170612386,170612423,170612425,1,1,29,0.5251185653428568
13089,170612388,170612416,170618138,1,5722,37,0.795701783066339
13090,170612388,170612416,170618138,1,5722,31,0.07484494695879484
13091,170612388,170612416,170618138,1,5722,31,0.13549235103421953
13092,170612388,170612416,170618137,1,5721,109,0.40139811756133725
13093,170612388,170612416,170618138,1,5722,30,0.8168996597752055
13094,170612388,170612416,170618138,1,5722,30,0.8705401313770351
13095,170612388,170612416,170618138,1,5722,31,0.01475796123810924
13096,170612388,170612416,170618138,1,5722,40,0.3735224059592771
13097,170612388,170612457,170618138,1,5680,31,0.1991324526143482
13098,170612388,170612457,170618138,1,5680,31,0.8027284846204937
13099,170612388,170612457,170618138,1,5680,34,0.10756772945502124
13100,170612388,170612457,170618138,1,5680,35,0.8494069049851005
13101,170612398,170612471,170618138,1,5666,32,0.9099186565373514
13102,170612400,170612473,170618138,1,5664,31,0.5985134661329166
13103,170612402,170612416,170613407,1,991,43,0.3813749596713336
13104,170612413,170612759,170613450,1,690,38,0.906357954146757
13105,170612418,170612473,170612506,8,33,41,0.6634473788649973
13106,170612420,170612447,170612451,1,4,21,0.6535412900486323
13108,170612425,170612752,170612758,2,5,51,0.7972516144586592
13109,170612435,170614974,170616038,60,1064,420,0.8248768674210328
13110,170612444,170612650,170612909,1,258,144,0.8977101168489795
13112,170612445,170612457,170612966,1,508,23,0.235116093537167
13113,170612445,170612457,170612964,1,506,23,0.27217170746968544
13114,170612447,170612980,170613087,4,107,30,0.7032804185949447
13115,170612448,170612716,170612978,1,262,131,0.6032830939178117
13116,170612470,170612707,170612771,1,64,45,0.9560546390200365
13117,170612470,170612488,170612552,1,64,58,0.7261832483277715
13122,170612470,170612542,170612606,1,64,41,0.04541212399407235
13123,170612470,170612554,170612618,1,64,51,0.7150452427971585
13125,170612470,170612577,170612639,1,62,45,0.6027936359639763
13127,170612470,170612608,170612672,1,64,38,0.9168656338052216
13128,170612470,170612620,170612684,1,64,51,0.10363124323828365
13143,170612470,170612641,170612705,1,64,45,0.004159501920269593
13144,170612470,170612650,170612714,1,64,29,0.4386371339035371
13146,170612470,170612674,170612738,1,64,38,0.35054691863118004
13148,170612470,170612686,170612750,1,64,51,0.04053947590578055
13119,170612496,170612496,170612580,1,83,22,0.847841489151941
13120,170612525,170612525,170618254,4,5729,202,0.4716947485137266
13121,170612535,170612560,170613283,1,722,28,0.7409930007458073
13124,170612574,170612730,170617053,16,4323,128,0.9427531785273441
13129,170612621,170612623,170612643,1,19,20,0.22510272794623443
13130,170612631,170612759,170613483,1,723,40,0.8140126968386284
13131,170612638,170612648,170618382,1,5733,32,0.7384572672751257
13132,170612638,170612686,170618382,1,5696,31,7.284069831359208e-05
13133,170612638,170612698,170618382,1,5683,31,0.34906388206489425
13134,170612638,170612698,170618382,1,5683,31,0.615971347755711
13135,170612638,170612698,170618381,1,5683,31,0.28880350789415277
13136,170612638,170612698,170618382,1,5683,31,0.9786302466242738
13137,170612638,170612730,170618382,1,5651,45,0.45632434636006014
13138,170612638,170612730,170618382,1,5651,31,0.5568512805731932
13139,170612638,170612730,170618382,1,5651,31,0.8667670137342448
13140,170612638,170612730,170618382,1,5651,31,0.5461033054905918
13141,170612638,170612730,170618382,1,5651,32,0.395513640604656
13142,170612638,170612730,170618382,1,5651,31,0.6867295215724167
13145,170612663,170612878,170613071,4,192,432,0.3162248191443352
13152,170612663,170612776,170612968,4,192,433,0.3359263114716493
13153,170612663,170612776,170612968,4,191,428,0.5689530991706663
13177,170612663,170612872,170613057,4,185,430,0.49067316018527063
13178,170612663,170612872,170613073,4,200,478,0.15343570299164178
13179,170612663,170612878,170613072,4,194,431,0.7853292427135697
13180,170612663,170612878,170613076,4,197,432,0.49163153910584023
13147,170612684,170612980,170621443,4,8463,31,0.22558967358144866
13149,170612747,170612747,170613633,1,885,369,0.6065136488541416
13150,170612775,170612775,170613318,1,543,30,0.5221212076955823
13151,170612775,170612775,170613009,1,233,44,0.07184909383905014
13154,170612778,170612910,170613213,1,302,147,0.025583161429595713
13155,170612783,170612979,170613282,1,302,134,0.20547935068823397
13156,170612787,170613010,170613312,1,302,143,0.9823012852643053
13157,170612797,170613118,170613166,2,47,119,0.3784255140669097
13158,170612798,170612808,170615636,1,2828,23,0.6268647559641858
13159,170612798,170612869,170615638,1,2768,25,0.9393768258487698
13160,170612798,170612878,170615603,1,2724,24,0.32290141429089925
13161,170612798,170612878,170615601,1,2722,24,0.5559902302703651
13162,170612798,170612878,170615597,1,2718,25,0.5026069860191006
13163,170612798,170612878,170615627,1,2748,24,0.8620474542715567
13164,170612798,170612878,170615594,1,2715,23,0.34201535167782426
13165,170612798,170612878,170615603,1,2724,23,0.70797725307898
13166,170612798,170612878,170615595,1,2716,24,0.8723549016286619
13167,170612798,170612878,170615637,1,2758,24,0.4014563898777036
13168,170612798,170612878,170615638,1,2759,23,0.8424995955381878
13169,170612799,170612878,170615597,1,2718,24,0.7650817691546672
13170,170612803,170635526,170635916,16,390,249,0.7336405218454567
13171,170612830,170613026,170613033,2,6,45,0.6903017155931767
13172,170612851,170612852,170613752,1,899,24,0.1652625693014772
13173,170612851,170612852,170613752,1,899,23,0.6585621386819416
13174,170612851,170612854,170613752,1,898,24,0.4638844556977533
13175,170612852,170612856,170613758,1,902,25,0.48149518645590283
13176,170612865,170612878,170613779,1,900,24,0.9135957450305371
13181,170612878,170612878,170612992,8,114,51,0.6109441937891481
13182,170612882,170612882,170612893,1,10,18,0.5238859020577097
13184,170612920,170612922,170613768,1,846,27,0.21831227721318391
13185,170612928,170613010,170613013,1,2,45,0.7532295321116963
13186,170612953,170612953,170614036,1,1082,27,0.6042243289723589
13187,170612964,170612965,170613465,1,499,28,0.24337082506560936
13188,170612966,170612967,170613468,1,501,24,0.36432718172890577
13189,170612984,170612984,170613016,1,32,61,0.5776845103013438
13190,170612994,170612994,170613165,8,170,52,0.6815863851420735
13191,170613013,170613013,170613024,1,11,44,0.495931953378171
13192,170613013,170616204,170617434,4,1229,491,0.7838833294228241
13193,170613051,170613537,170613623,128,86,85,0.5971580528897552
13194,170613054,170613537,170613611,128,74,90,0.7032212345401555
13195,170613066,170613202,170613230,128,28,89,0.9329072568847797
13196,170613067,170613491,170613535,256,43,90,0.8924306113375682
13197,170613069,170613079,170613253,1,173,56,0.06981374493086523
13198,170613074,170613118,170613123,2,5,44,0.39467522145357403
13199,170613075,170613079,170613253,1,174,54,0.11206995557567256
13200,170613075,170613079,170613253,1,173,57,0.4962487493134622
13201,170613075,170613079,170613253,1,174,55,0.9896869671212195
13202,170613076,170613079,170613253,1,174,74,0.26498000995958704
13203,170613076,170613079,170613253,1,173,57,0.8536531312295965
13204,170613077,170613079,170613253,1,173,67,0.7635677400307943
13205,170613077,170613079,170613253,1,174,56,0.5614151899774227
13206,170613083,170613091,170613101,1,9,37,0.2980997935629003
13207,170613089,170614994,170615147,24,152,416,0.6039388857942801
13356,170613089,170613471,170613625,24,153,429,0.5909925604217972
13377,170613089,170613521,170613664,24,143,419,0.08262525960653044
13381,170613089,170613537,170613685,24,147,428,0.5412748675940788
13398,170613089,170613613,170613758,24,144,413,0.9727596710970131
13399,170613089,170613613,170613764,24,150,434,0.7276031656787941
13400,170613089,170613613,170613759,24,145,427,0.5566659185675308
13401,170613089,170613613,170613759,24,145,423,0.2643942422641029
13402,170613089,170613613,170613761,24,148,420,0.8170510601985037
13404,170613089,170613625,170613767,24,142,424,0.8298623629992382
13405,170613089,170613625,170613770,24,144,420,0.6272816587262585
13406,170613089,170613625,170613767,24,141,435,0.8949039955515031
13407,170613089,170613625,170613768,24,142,418,0.5557084150047835
13408,170613089,170613625,170613768,24,143,436,0.049064324639073176
13409,170613089,170613627,170613770,24,143,429,0.14131630432403963
13412,170613089,170613668,170613818,24,150,419,0.31676008704924763
13414,170613089,170613686,170613830,24,143,424,0.43029214542093197
13450,170613089,170613760,170613903,24,143,418,0.8769394198653243
13452,170613089,170613761,170613902,24,141,426,0.9569190037021679
13453,170613089,170613761,170613904,24,143,431,0.8083612426007246
13456,170613089,170613763,170613901,24,137,425,0.7705702716221974
13457,170613089,170613765,170613913,24,148,432,0.21799760099565124
13460,170613089,170613769,170613913,24,144,424,0.8000431673869842
13461,170613089,170613769,170613912,24,143,430,0.5962373640531285
13463,170613089,170613769,170613914,24,144,419,0.8989463560843899
13464,170613089,170613770,170613914,24,143,436,0.9093115797115174
13466,170613089,170613771,170613915,24,143,415,0.26430223091230476
13467,170613089,170613772,170613917,24,145,433,0.12197846217937303
13470,170613089,170613800,170613945,24,145,422,0.13481670589463124
13474,170613089,170613817,170613960,24,142,433,0.21883521478933055
13475,170613089,170613820,170613961,24,140,419,0.5126049876384914
13476,170613089,170613832,170613978,24,146,428,0.24567798340519198
13477,170613089,170613836,170613989,24,153,437,0.9486400561217835
13497,170613089,170613927,170614065,24,138,420,0.8480255107741282
13498,170613089,170613927,170614079,24,152,433,0.19072255030604834
13504,170613089,170613951,170614092,24,141,420,0.7721287595288505
13507,170613089,170613963,170614105,24,142,419,0.9570640591291831
13508,170613089,170613963,170614108,24,144,429,0.9144666279731032
13514,170613089,170613988,170614134,24,145,423,0.5492190145409179
13523,170613089,170614001,170614147,24,145,437,0.16126992957794617
13527,170613089,170614020,170614179,24,159,422,0.49238147431809565
13528,170613089,170614020,170614164,24,143,426,0.5635561336925382
13537,170613089,170614067,170614216,24,149,420,0.956596020181395
13538,170613089,170614081,170614228,24,147,426,0.8983003240148614
13540,170613089,170614094,170614248,24,153,425,0.07756191347071639
13541,170613089,170614108,170614254,24,145,419,0.9528863073732513
13542,170613089,170614109,170614217,24,108,420,0.22804776376924007
13543,170613089,170614136,170614291,24,154,428,0.2486811089907579
13544,170613089,170614143,170614289,24,146,420,0.4857994033854178
13545,170613089,170614143,170614286,24,142,429,0.08362943818766277
13546,170613089,170614143,170614285,24,142,415,0.7376572746919376
13547,170613089,170614143,170614291,24,148,431,0.3195060394544883
13548,170613089,170614143,170614290,24,147,431,0.5864598012356083
13549,170613089,170614143,170614293,24,150,430,0.17410399067919669
13550,170613089,170614149,170614295,24,146,437,0.33234068595473465
13551,170613089,170614166,170614313,24,147,421,0.3416612628865212
13552,170613089,170614182,170614338,24,156,417,0.5921555901043678
13553,170613089,170614218,170614362,24,144,422,0.39725645881250804
13554,170613089,170614219,170614360,24,140,440,0.17136878858853677
13555,170613089,170614230,170614385,24,154,476,0.16845840419859281
13556,170613089,170614256,170614397,24,140,419,0.06223228097377087
13557,170613089,170614257,170614404,24,147,420,0.5815177034792479
13558,170613089,170614287,170614439,24,152,431,0.6106100803500946
13559,170613089,170614288,170614425,24,137,433,0.4730275500232177
13560,170613089,170614292,170614447,24,154,420,0.7290453725996683
13561,170613089,170614292,170614434,24,141,436,0.8555902430152262
13562,170613089,170614292,170614438,24,145,444,0.9864303903719216
13563,170613089,170614294,170614435,24,140,436,0.44070627171729326
13564,170613089,170614296,170614450,24,154,415,0.7081215069442001
13565,170613089,170614297,170614440,24,143,437,0.8683960630864556
13566,170613089,170614301,170614451,24,149,421,0.7583764528058141
13568,170613089,170614315,170614464,24,149,435,0.2667417845868346
13569,170613089,170614341,170614491,24,150,417,0.1545786815481055
13570,170613089,170614362,170614504,24,142,421,0.38004865866813453
13571,170613089,170614364,170614515,24,150,424,0.4422129835687775
13572,170613089,170614371,170614518,24,147,440,0.2660354196430189
13573,170613089,170614387,170614530,24,142,472,0.801849346501387
13574,170613089,170614399,170614540,24,141,424,0.7942217881087289
13575,170613089,170614406,170614545,24,138,420,0.3956371369544499
13576,170613089,170614427,170614573,24,146,433,0.04261373622337272
13577,170613089,170614436,170614581,24,144,431,0.25272781892639196
13578,170613089,170614437,170614597,24,160,436,0.6645683947985043
13579,170613089,170614441,170614585,24,143,430,0.7502211145906414
13580,170613089,170614441,170614589,24,147,444,0.5088121070895263
13581,170613089,170614442,170614588,24,146,442,0.15454678014351775
13582,170613089,170614449,170614602,24,153,421,0.2771175334716788
13583,170613089,170614452,170614599,24,147,415,0.7473962258482563
13584,170613089,170614453,170614518,24,64,417,0.8083439245118986
13585,170613089,170614466,170614604,24,138,415,0.8502637446971809
13586,170613089,170614493,170614643,24,150,417,0.7133312955345296
13587,170613089,170614506,170614663,24,157,435,0.19444548207172574
13588,170613089,170614517,170614659,24,141,424,0.9154668444025192
13589,170613089,170614520,170614678,24,158,440,0.54413970313758
13590,170613089,170614520,170614681,24,160,435,0.6897354675081555
13591,170613089,170614532,170614677,24,144,472,0.26888338542484547
13592,170613089,170614542,170614685,24,142,424,0.10939525805579042
13593,170613089,170614547,170614687,24,140,425,0.06838989630490411
13594,170613089,170614576,170614716,24,139,433,0.7806416127466075
13595,170613089,170614583,170614729,24,146,433,0.6651974198211634
13596,170613089,170614587,170614741,24,153,426,0.4928234190339379
13597,170613089,170614591,170614740,24,148,442,0.2579825136503445
13598,170613089,170614591,170614749,24,157,444,0.7744121977023132
13599,170613089,170614599,170614751,24,151,432,0.7037856562563475
13600,170613089,170614601,170614743,24,142,418,0.4521044951952743
13601,170613089,170614606,170614751,24,144,417,0.9589105721611308
13602,170613089,170614606,170614746,24,139,421,0.07149401811351708
13603,170613089,170614647,170614794,24,147,422,0.6570433322006943
13604,170613089,170614661,170614803,24,141,424,0.8131020676495418
13605,170613089,170614665,170614819,24,153,430,0.9356319076015785
13606,170613089,170614679,170614824,24,144,430,0.7137513908000286
13607,170613089,170614680,170614823,24,143,476,0.5394022276563409
13608,170613089,170614683,170614840,24,157,430,0.25131574516772326
13609,170613089,170614687,170614838,24,151,420,0.026256608577917118
13610,170613089,170614689,170614832,24,142,425,0.9696994319866921
13611,170613089,170614718,170614861,24,143,417,0.04083402548417603
13612,170613089,170614731,170614885,24,154,431,0.6887925513664911
13613,170613089,170614742,170614894,24,152,442,0.555856991004823
13614,170613089,170614745,170614896,24,150,431,0.649338873328133
13615,170613089,170614745,170614890,24,145,433,0.08999393606047013
13616,170613089,170614750,170614900,24,149,428,0.25879047397182775
13617,170613089,170614750,170614891,24,140,434,0.28752541099483575
13618,170613089,170614753,170614896,24,143,419,0.17313401747198887
13619,170613089,170614753,170614907,24,154,436,0.8065635254977562
13620,170613089,170614789,170614941,24,152,444,0.7887585475750286
13622,170613089,170614798,170614937,24,139,417,0.949999665042316
13623,170613089,170614805,170614968,24,163,420,0.0670174196676423
13624,170613089,170614821,170614972,24,151,434,0.04253232898524417
13625,170613089,170614825,170614981,24,155,476,0.24755947609486817
13626,170613089,170614826,170614975,24,149,426,0.8658081516301589
13627,170613089,170614834,170614970,24,136,425,0.4985859464218918
13628,170613089,170614841,170614988,24,147,424,0.6414159207696621
13629,170613089,170614842,170614990,24,147,420,0.8706667806101905
13631,170613089,170614863,170615008,24,145,415,0.6892404202972988
13632,170613089,170614883,170615026,24,142,419,0.5606905323674428
13633,170613089,170614883,170615025,24,141,418,0.09734166768981634
13634,170613089,170614883,170615037,24,153,489,0.13912268021127594
13635,170613089,170614895,170615035,24,139,433,0.49503598034284124
13636,170613089,170614909,170615060,24,150,431,0.9037806564248673
13637,170613089,170614923,170615075,24,152,429,0.42953469273211864
13638,170613089,170614923,170615066,24,143,423,0.35901317722072823
13639,170613089,170614923,170615072,24,149,434,0.5642950386097917
13640,170613089,170614923,170615073,24,149,430,0.28523028500022574
13641,170613089,170614923,170615065,24,142,429,0.9338023407126574
13642,170613089,170614923,170615075,24,151,424,0.7844107941163885
13643,170613089,170614941,170615081,24,140,417,0.35435746846159244
13644,170613089,170614945,170615088,24,143,444,0.2073987544278535
13645,170613089,170614977,170615127,24,149,433,0.42606420458518257
13646,170613089,170614994,170615143,24,149,420,0.19835029361554846
13647,170613089,170614994,170615144,24,150,473,0.2995731628892644
13208,170613089,170616753,170616901,24,147,444,0.032211323506566525
13648,170613089,170615019,170615160,24,141,420,0.610048263289481
13649,170613089,170615031,170615182,24,151,418,0.5063436998786213
13650,170613089,170615031,170615172,24,140,419,0.7975506262064187
13651,170613089,170615043,170615187,24,143,433,0.4594556231336231
13652,170613089,170615043,170615193,24,149,484,0.22531796942486015
13653,170613089,170615068,170615208,24,140,423,0.3922517687099569
13654,170613089,170615068,170615221,24,153,431,0.4211154852376434
13655,170613089,170615068,170615214,24,146,431,0.670115894063374
13658,170613089,170615264,170615414,24,149,437,0.9270011455095746
13659,170613089,170615416,170615563,24,146,441,0.4644647185252193
13660,170613089,170615457,170615606,24,149,426,0.7464008475260077
13661,170613089,170615512,170615671,24,159,444,0.2770666558141025
13662,170613089,170615512,170615661,24,149,437,0.5574352201370227
13663,170613089,170615512,170615662,24,150,434,0.3133050158200318
13664,170613089,170615512,170615658,24,146,418,0.463752588016086
13665,170613089,170615512,170615657,24,145,415,0.022575430994272394
13666,170613089,170615517,170615662,24,144,427,0.6496626335742938
13667,170613089,170615517,170615659,24,141,431,0.8725370599244505
13668,170613089,170615517,170615671,24,153,426,0.054161779307990154
13669,170613089,170615517,170615661,24,143,426,0.8820500298143565
13670,170613089,170615517,170615665,24,147,429,0.2845655968505486
13671,170613089,170615522,170615661,24,139,429,0.7587913665678889
13672,170613089,170615522,170615637,24,114,424,0.16679938860710286
13673,170613089,170615522,170615665,24,142,472,0.7053724701716966
13674,170613089,170615522,170615666,24,143,419,0.75317544939105
13675,170613089,170615522,170615663,24,141,421,0.3806326859664252
13676,170613089,170615522,170615671,24,149,423,0.4948683849465161
13677,170613089,170615565,170615712,24,147,436,0.5786335924201568
13678,170613089,170615609,170615761,24,152,427,0.008197158552333939
13679,170613089,170615639,170615786,24,147,419,0.14531706231054453
13680,170613089,170615659,170615802,24,142,420,0.3504060980446907
13681,170613089,170615660,170615804,24,144,419,0.5033512113293807
13682,170613089,170615660,170615803,24,142,431,0.7740195423453827
13683,170613089,170615664,170615802,24,137,415,0.21073256325403955
13684,170613089,170615664,170615805,24,140,432,0.6009573485757
13685,170613089,170615664,170615817,24,152,431,0.07742549951622568
13686,170613089,170615664,170615827,24,163,430,0.1901253212457822
13687,170613089,170615664,170615811,24,146,434,0.9136661876911658
13688,170613089,170615665,170615819,24,153,426,0.2249959598610699
13689,170613089,170615666,170615821,24,155,472,0.6278981301239718
13690,170613089,170615666,170615810,24,143,434,0.9903087525501946
13691,170613089,170615667,170615817,24,149,419,0.9149481936388684
13692,170613089,170615673,170615828,24,154,428,0.8228445690416589
13693,170613089,170615673,170615816,24,143,417,0.46174646300879096
13694,170613089,170615673,170615826,24,153,438,0.9745248848156369
13695,170613089,170615714,170615864,24,149,441,0.7291542676472736
13696,170613089,170615716,170615865,24,149,449,0.5577310206612974
13698,170613089,170615765,170615909,24,143,430,0.9546490736939026
13699,170613089,170615787,170615930,24,142,424,0.09212040806418864
13700,170613089,170615804,170615948,24,144,419,0.5076082603873683
13701,170613089,170615804,170615945,24,141,420,0.5869396536557214
13702,170613089,170615805,170615950,24,145,426,0.5467344397345194
13703,170613089,170615806,170615951,24,144,414,0.48195712229313914
13704,170613089,170615807,170615950,24,142,433,0.13627699586094288
13705,170613089,170615811,170615954,24,142,430,0.8676106753976149
13706,170613089,170615812,170615959,24,146,434,0.11381460413262523
13707,170613089,170615818,170615964,24,145,417,0.6861370876946852
13708,170613089,170615818,170615969,24,151,431,0.06018447349955658
13709,170613089,170615820,170615969,24,149,419,0.8272666712964678
13710,170613089,170615820,170615968,24,147,426,0.7922823259758373
13711,170613089,170615823,170615967,24,143,472,0.18986435947767188
13712,170613089,170615828,170615980,24,151,433,0.44589258260897746
13713,170613089,170615829,170615977,24,147,430,0.3381155493121296
13714,170613089,170615830,170615976,24,146,423,0.7728541035856981
13715,170613089,170615866,170616017,24,151,440,0.8227034195968703
13716,170613089,170615867,170616015,24,148,449,0.23386515642463945
13717,170613089,170615911,170616051,24,140,430,0.8780137326503783
13718,170613089,170615942,170616085,24,142,424,0.23835131840346402
13719,170613089,170616040,170616185,24,144,419,0.9965540065858399
13720,170613089,170616040,170616188,24,148,432,0.8754949270538195
13721,170613089,170616046,170616200,24,153,471,0.8837908978175693
13722,170613089,170616046,170616203,24,156,414,0.271318839973711
13723,170613089,170616046,170616190,24,143,415,0.24600059368626292
13724,170613089,170616046,170616189,24,142,436,0.14607966765373093
13725,170613089,170616046,170616187,24,141,428,0.32113099178605464
13726,170613089,170616046,170616192,24,145,416,0.6020778004314683
13727,170613089,170616049,170616195,24,146,418,0.09686804872172239
13728,170613089,170616049,170616196,24,146,419,0.6331046494331322
13729,170613089,170616049,170616193,24,143,432,0.718702427648926
13730,170613089,170616049,170616191,24,141,429,0.9169545589007555
13731,170613089,170616049,170616195,24,146,420,0.6463402039927908
13732,170613089,170616053,170616191,24,138,430,0.5367101896382833
13733,170613089,170616059,170616200,24,141,426,0.8083154683204328
13734,170613089,170616059,170616203,24,144,424,0.45460527253768446
13735,170613089,170616059,170616200,24,141,417,0.4028261213168215
13736,170613089,170616059,170616202,24,143,430,0.2662938565872036
13737,170613089,170616059,170616205,24,146,445,0.9255105540545316
13738,170613089,170616087,170616233,24,146,421,0.20877100917773828
13739,170613089,170616151,170616312,24,160,430,0.8595834463188012
13740,170613089,170616204,170616353,24,148,429,0.01189035618575196
13741,170613089,170616205,170616345,24,140,425,0.7203595760803333
13742,170613089,170616207,170616355,24,148,449,0.8869775016378056
13743,170613089,170616235,170616380,24,144,424,0.8990998164010169
13745,170613089,170616313,170616464,24,150,429,0.9992817515645459
13746,170613089,170616341,170616493,24,152,415,0.6672706401200752
13747,170613089,170616348,170616510,24,161,418,0.6620068347585251
13748,170613089,170616357,170616507,24,150,426,0.29813724713531065
13749,170613089,170616358,170616518,24,160,449,0.07463881518015048
13750,170613089,170616382,170616527,24,145,421,0.6069755290487164
13751,170613089,170616406,170616548,24,142,431,0.5590638650295973
13752,170613089,170616406,170616552,24,146,425,0.5133210417492257
13753,170613089,170616406,170616554,24,147,432,0.4650941348794353
13754,170613089,170616406,170616546,24,140,422,0.9829695588515979
13755,170613089,170616406,170616560,24,154,430,0.37062514273604574
13756,170613089,170616412,170616560,24,147,416,0.7118743715098038
13757,170613089,170616412,170616558,24,145,466,0.02846923581219496
13758,170613089,170616412,170616553,24,140,420,0.4249761928109591
13759,170613089,170616412,170616558,24,145,417,0.3179504189221555
13760,170613089,170616412,170616559,24,146,420,0.4456709110742666
13761,170613089,170616412,170616561,24,148,434,0.7560184171893944
13762,170613089,170616416,170616565,24,148,415,0.8767967156188421
13763,170613089,170616416,170616572,24,155,427,0.015726977299826306
13764,170613089,170616416,170616561,24,144,435,0.8993233054351226
13765,170613089,170616416,170616557,24,140,435,0.5703685165268589
13766,170613089,170616466,170616624,24,158,439,0.9880825502778379
13767,170613089,170616495,170616638,24,142,420,0.5661682064037058
13768,170613089,170616509,170616651,24,141,431,0.0562026750567326
13769,170613089,170616512,170616655,24,143,420,0.09772389145961691
13770,170613089,170616520,170616669,24,149,429,0.49429620914754235
13771,170613089,170616529,170616676,24,147,424,0.8756343888642555
13772,170613089,170616548,170616703,24,155,417,0.12764190606794024
13773,170613089,170616550,170616703,24,152,446,0.938101557580364
13774,170613089,170616555,170616705,24,150,426,0.9941721388368916
13775,170613089,170616555,170616703,24,148,424,0.310598095345648
13776,170613089,170616555,170616701,24,145,434,0.3000424464641781
13777,170613089,170616559,170616705,24,146,470,0.6109034912992488
13778,170613089,170616559,170616701,24,141,430,0.6621225385300032
13779,170613089,170616562,170616703,24,140,422,0.9976948152977174
13780,170613089,170616562,170616701,24,139,420,0.7643435206416987
13781,170613089,170616562,170616722,24,160,430,0.4486890983861206
13782,170613089,170616562,170616705,24,143,420,0.2617267897441493
13783,170613089,170616562,170616707,24,144,436,0.7808016897650204
13784,170613089,170616563,170616709,24,145,430,0.4608554258007209
13785,170613089,170616566,170616709,24,143,415,0.31615948727189735
13786,170613089,170616573,170616721,24,147,426,0.41999724840420005
13789,170613089,170616628,170616778,24,149,434,0.30166962143443055
13790,170613089,170616711,170616856,24,144,434,0.7372106704975052
13791,170613089,170616711,170616796,24,84,415,0.7457910550515308
13792,170613089,170616723,170616866,24,143,431,0.06046428354499811
13793,170613089,170616724,170616871,24,147,426,0.5195451649371495
13794,170613089,170616746,170616888,24,141,428,0.1705864807235452
13795,170613089,170616746,170616885,24,139,430,0.3804543548190482
13796,170613089,170616746,170616896,24,150,421,0.04465646714733351
13797,170613089,170616746,170616884,24,138,439,0.19461890050546227
13798,170613089,170616746,170616896,24,149,431,0.9882237381206002
13799,170613089,170616746,170616890,24,144,432,0.8089314974581079
13800,170613089,170616753,170616907,24,153,431,0.8573495121217195
13801,170613089,170616753,170616895,24,142,419,0.5845897098262899
13802,170613089,170616753,170616900,24,146,424,0.7657992403087878
13209,170613101,170616916,170619080,32,2164,73,0.859942130905566
13210,170613102,170616916,170619080,32,2164,59,0.49432066590928403
13211,170613102,170616916,170619080,32,2163,55,0.9827030155415932
13212,170613102,170616916,170619080,32,2163,73,0.8257301762541318
13213,170613102,170616916,170619080,32,2163,64,0.2994956529880006
13214,170613102,170616916,170619080,32,2163,55,0.9031200937121856
13215,170613102,170616936,170619098,32,2161,67,0.0497942450101001
13216,170613102,170616951,170619113,32,2161,54,0.37415539989877933
13217,170613102,170616951,170619113,32,2161,73,0.06460229357614689
13218,170613102,170616951,170619113,32,2161,65,0.7441685872725479
13219,170613102,170616951,170619113,32,2161,60,0.9508041914430296
13220,170613102,170616951,170619116,32,2164,113,0.2907278285388545
13221,170613102,170616951,170619116,32,2164,65,0.6429280353775741
13222,170613102,170617175,170619338,32,2162,90,0.5098843536775208
13223,170613102,170624811,170626974,32,2163,473,0.8794095986614574
13224,170613102,170624819,170626983,32,2164,427,0.14062047865331273
13225,170613102,170624985,170627148,32,2163,68,0.16242654968090198
13226,170613117,170613140,170613149,1,8,17,0.8500862470355663
13227,170613126,170614250,170614255,16,5,25,0.12531406732991357
13228,170613128,170613129,170613145,1,16,41,0.08657627827142733
13229,170613138,170621280,170621736,1,456,74,0.23738068089522124
13230,170613138,170621280,170622629,1,1349,76,0.7104575089735289
13231,170613139,170621501,170623116,1,1615,75,0.6059425830422852
13232,170613139,170621501,170622909,1,1408,76,0.6843247036852321
13233,170613140,170621508,170623221,1,1712,414,0.33555425496683766
13234,170613140,170621508,170623095,1,1586,414,0.9074874899746244
13235,170613140,170621508,170623179,1,1670,415,0.2597596537978665
13236,170613141,170621508,170623041,1,1532,413,0.2562095159402813
13237,170613142,170621508,170622910,1,1401,412,0.05072957516270371
13238,170613143,170621508,170622892,1,1383,412,0.4560341326863212
13239,170613143,170621508,170622809,1,1300,414,0.6253606766611771
13240,170613143,170621508,170622983,1,1475,415,0.4240535328206213
13241,170613144,170621508,170623008,1,1499,413,0.13202311588383375
13242,170613144,170621508,170622901,1,1393,413,0.8479079919897851
13243,170613145,170621508,170623000,1,1492,414,0.8608877460901364
13244,170613145,170621508,170623075,1,1567,413,0.08663663530547239
13245,170613146,170621508,170623103,1,1595,423,0.819839644947788
13246,170613146,170621508,170623059,1,1550,424,0.6432066552094864
13247,170613146,170621508,170623059,1,1550,420,0.1756260174128551
13248,170613147,170621508,170623165,1,1656,417,0.5336415586642757
13249,170613147,170621508,170623122,1,1613,413,0.6768871272031386
13250,170613148,170621508,170622969,1,1461,413,0.2869466261036371
13251,170613148,170621508,170623016,1,1507,413,0.626877577586332
13252,170613149,170621508,170622824,1,1315,414,0.7579106546095999
13253,170613149,170621508,170622828,1,1319,413,0.12673261798033952
13254,170613149,170621508,170622972,1,1463,413,0.9045337564351088
13255,170613150,170621508,170622956,1,1448,412,0.5555637206650601
13256,170613150,170621508,170622986,1,1477,412,0.16708597254326796
13257,170613152,170621520,170622840,1,1319,413,0.7695031742915482
13258,170613152,170621520,170623061,1,1540,414,0.4161274969696819
13259,170613152,170621520,170623046,1,1525,413,0.02109337611464146
13260,170613154,170621520,170623046,1,1525,413,0.05276633737848646
13261,170613154,170621520,170622951,1,1430,412,0.47882282491109185
13262,170613154,170621520,170623093,1,1572,412,0.9607990475378138
13263,170613155,170621520,170622941,1,1421,413,0.8498206727632172
13264,170613155,170621520,170622900,1,1379,412,0.385868322446967
13265,170613156,170621520,170622898,1,1377,413,0.898218156850611
13266,170613156,170621520,170622904,1,1383,414,0.9755172876767514
13267,170613156,170621520,170623130,1,1610,413,0.1766042061056341
13268,170613157,170621520,170622872,1,1351,412,0.3599279346336809
13269,170613157,170621520,170622858,1,1337,413,0.652413194056292
13270,170613158,170621520,170622990,1,1469,413,0.6272909990878042
13271,170613158,170621520,170623146,1,1625,413,0.8547183305880551
13272,170613158,170621520,170622857,1,1337,414,0.7459306992178375
13273,170613158,170621520,170623158,1,1637,414,0.5887938915091423
13274,170613158,170621520,170622882,1,1362,414,0.46080533928135015
13275,170613158,170621520,170623106,1,1585,413,0.8959725944363535
13276,170613159,170621520,170623066,1,1545,415,0.7726251651939189
13277,170613159,170621520,170623092,1,1571,415,0.17089249536958795
13278,170613159,170621520,170622939,1,1418,414,0.5131499920384435
13279,170613159,170621520,170622992,1,1471,414,0.2373669110810659
13280,170613159,170621520,170623108,1,1587,413,0.18149035244330214
13281,170613160,170613160,170613165,1,5,18,0.48360498580721467
13282,170613166,170613167,170613291,1,124,124,0.30978766909457256
13283,170613170,170613177,170613182,1,4,17,0.7525193090319812
13284,170613172,170613214,170613228,1,13,18,0.1104487649137057
13285,170613205,170625007,170625394,32,387,41,0.24873777401396835
13286,170613205,170625016,170625410,32,394,89,0.4813425445495648
13287,170613209,170613209,170613213,1,3,37,0.46110864983105737
13288,170613230,170613231,170613235,1,3,37,0.8032835424110895
13289,170613237,170613237,170613241,1,3,37,0.00613377106718227
13290,170613244,170613244,170613250,1,6,37,0.43064823821937614
13291,170613247,170613288,170613324,1,36,60,0.9834018765659349
13292,170613248,170613251,170613284,1,33,70,0.6931347591957483
13293,170613266,170613275,170613880,1,605,280,0.6760596963180394
13294,170613266,170613275,170613284,1,8,35,0.7182278259980229
13295,170613266,170613275,170613776,1,500,287,0.9899586422844084
13296,170613266,170613275,170613284,1,8,19,0.14959303022204584
13297,170613266,170613275,170614718,1,1442,122,0.5073658597897579
13298,170613266,170613275,170613284,1,8,20,0.5090414338376634
13299,170613267,170613275,170613284,1,8,19,0.3165898532330176
13300,170613267,170613275,170614718,1,1442,129,0.5789101752657446
13301,170613267,170613275,170613284,1,8,18,0.4841088703114761
13302,170613267,170613275,170613756,1,480,274,0.653816891975399
13303,170613267,170613275,170613284,1,8,18,0.8825227582384497
13304,170613267,170613275,170614718,1,1442,122,0.15182054512814747
13305,170613268,170613288,170613444,1,156,245,0.11430729227751946
13306,170613268,170613288,170613293,1,5,19,0.9702893853123185
13307,170613269,170613288,170613294,1,6,20,0.9800206830594106
13308,170613269,170613288,170613293,1,5,19,0.2627723321046902
13309,170613269,170613288,170614730,1,1442,128,0.4556561923307372
13310,170613269,170613288,170613293,1,5,18,0.8693895943333358
13311,170613280,170613280,170613535,1,254,234,0.9994249289414431
13312,170613280,170613281,170613453,1,171,289,0.29698720853730887
13313,170613283,170613283,170613646,1,362,135,0.9879715689257402
13314,170613283,170613313,170614037,1,724,26,0.4925068964934265
13315,170613283,170613292,170613655,1,362,83,0.9260591898784001
13316,170613292,170614982,170615707,8,724,115,0.004084648125534329
13317,170613298,170613300,170613344,1,43,56,0.9563454779195204
13318,170613299,170613299,170613307,1,8,30,0.5171620257208926
13319,170613314,170613325,170613402,1,77,55,0.7436804026589541
13320,170613323,170613324,170613331,1,7,31,0.409693531432456
13321,170613323,170613325,170613366,1,41,91,0.5045303306815175
13322,170613326,170613337,170613378,1,41,57,0.6437172576204994
13323,170613326,170613337,170613382,1,45,56,0.06519683904226314
13324,170613327,170613337,170613385,1,47,56,0.33487287553884704
13325,170613327,170613337,170613393,1,56,56,0.26229164998738586
13326,170613328,170613337,170613409,1,72,55,0.6380287710305881
13327,170613328,170613337,170614285,1,948,128,0.8843758840506963
13328,170613328,170613337,170614287,1,950,131,0.22039341793976208
13329,170613328,170613337,170614289,1,951,128,0.67110115638888
13330,170613328,170613337,170613418,1,80,56,0.21084325408137872
13331,170613328,170613337,170613459,1,121,56,0.32453074309472785
13332,170613329,170613337,170614290,1,953,141,0.22443829777013835
13333,170613329,170613337,170614291,1,953,129,0.17386251103062078
13334,170613329,170613337,170614291,1,954,131,0.3066105803198125
13335,170613330,170613337,170613616,1,279,131,0.6931492158494758
13336,170613330,170613337,170613344,1,6,18,0.8780511206622615
13337,170613330,170613337,170614291,1,954,132,0.04757380226900987
13338,170613339,170613340,170613365,1,25,41,0.7446218567308797
13339,170613358,170613361,170613370,1,8,18,0.5789922677191008
13341,170613368,170613368,170613387,1,19,53,0.9003717615606768
13343,170613374,170613398,170613435,1,37,68,0.25298668376797184
13344,170613376,170616911,170617019,4,107,33,0.2612506002166335
13346,170613396,170613398,170613524,8,126,61,0.8934555252882965
13348,170613401,170613410,170614347,1,936,280,0.04594993798171798
13351,170613439,170613439,170613455,1,15,32,0.4886148328507992
13352,170613455,170613455,170613560,1,105,46,0.5755565771181054
13353,170613457,170613484,170613525,1,41,74,0.5786357675472449
13354,170613465,170613471,170613972,1,500,37,0.5728058940398757
13355,170613468,170613521,170614021,1,500,23,0.3383423703996451
13357,170613473,170613484,170613512,1,28,29,0.2442230052916492
13358,170613473,170613508,170613556,1,47,41,0.3003705688110594
13359,170613473,170613484,170613497,1,13,22,0.446430477792766
13360,170613473,170613484,170613500,1,16,19,0.3221298642797108
13361,170613482,170613484,170613506,1,22,24,0.08602804356391203
13362,170613494,170613496,170616380,1,2883,22,0.310759839672643
13363,170613495,170613496,170616380,1,2883,19,0.039751608053655074
13364,170613495,170613496,170616380,1,2883,19,0.8571366918429703
13365,170613496,170613496,170616380,1,2883,41,0.48870370635212
13366,170613498,170613509,170616392,1,2883,113,0.01935624873188546
13367,170613498,170613521,170616404,1,2883,18,0.6427533278944458
13368,170613499,170613509,170616392,1,2883,25,0.914888570557742
13369,170613499,170613509,170616392,1,2883,19,0.9322041099193079
13370,170613500,170613509,170616392,1,2883,22,0.7088777604765854
13371,170613501,170613509,170616392,1,2883,23,0.35315943680482687
13372,170613502,170613509,170616392,1,2883,41,0.5041712984968006
13373,170613502,170613509,170616392,1,2883,19,0.3903901602622383
13374,170613506,170613506,170613512,2,6,55,0.024307328345459456
13380,170613536,170613537,170614261,1,724,49,0.5549725024558944
13382,170613541,170635918,170637182,128,1264,452,0.6771323759401522
13383,170613545,170613570,170613603,1,33,60,0.514127162972992
13384,170613550,170613551,170614208,1,657,22,0.16277160409780733
13385,170613555,170613555,170613559,1,4,26,0.8381501997346311
13386,170613558,170613559,170615372,1,1812,42,0.8153713591172839
13387,170613558,170613559,170615721,1,2162,45,0.9749835789101493
13388,170613558,170613559,170614446,1,887,44,0.9757292699106439
13389,170613559,170613559,170614298,1,738,28,0.33413655645326357
13390,170613559,170613559,170614299,1,739,30,0.8127053305163475
13391,170613559,170613561,170614293,1,731,29,0.7900261138316497
13392,170613563,170613563,170614296,1,732,32,0.020952422736374876
13393,170613563,170613563,170614297,1,733,26,0.608112280339144
13394,170613575,170613575,170613581,2,6,55,0.2740960081814924
13395,170613581,170613581,170613630,1,48,44,0.535430592855473
13396,170613583,170613583,170614296,1,712,29,0.4098956679853234
13403,170613618,170613618,170613710,2,92,67,0.2658789483762981
13410,170613648,170613802,170613837,1,35,85,0.43626005595029393
13411,170613664,170613668,170613683,1,15,27,0.9302804677585591
13413,170613680,170613680,170614033,1,353,66,0.4403498837043289
13415,170613713,170615389,170624033,1,8644,46,0.20807416361736586
13416,170613713,170615401,170618611,1,3209,40,0.573299236593464
13417,170613714,170615525,170624168,1,8643,35,0.5951822302808892
13418,170613714,170615648,170618892,1,3244,40,0.6494333050035815
13419,170613716,170616020,170619165,1,3145,412,0.7542492824996114
13420,170613716,170616020,170619001,1,2981,216,0.8705372749045779
13421,170613717,170616020,170618916,1,2896,138,0.3070906749002955
13422,170613717,170616020,170618261,1,2241,160,0.6961437021710106
13423,170613718,170616020,170618240,1,2220,158,0.3146213723212483
13424,170613718,170616020,170618254,1,2234,173,0.2721491298766018
13425,170613731,170614634,170614814,2,179,39,0.016656208114375848
13426,170613731,170614721,170614896,2,175,51,0.4119789436027371
13427,170613731,170614883,170615057,2,173,40,0.7095496401858956
13428,170613731,170614883,170615056,2,173,40,0.4884030597707065
13429,170613731,170614932,170615105,2,172,40,0.303968680053191
13430,170613731,170615068,170615100,2,32,427,0.29938809470443495
13431,170613731,170615105,170615136,2,31,34,0.2868958753594525
13432,170613731,170615166,170615340,2,174,39,0.871624729752502
13433,170613731,170615166,170615340,2,174,39,0.7214985234203204
13434,170613731,170615191,170615223,2,32,34,0.1877728709626627
13435,170613731,170615224,170615397,2,172,44,0.3195038492760991
13436,170613731,170615224,170615397,2,172,39,0.41349921282020063
13437,170613734,170613734,170613757,1,23,62,0.22932819340126742
13439,170613737,170613738,170613747,1,9,44,0.6648918107612021
13440,170613742,170613743,170613747,4,4,19,0.6777635836907943
13441,170613747,170613748,170614541,1,793,245,0.10997701907025992
13442,170613747,170613748,170614262,1,513,174,0.4772881451589691
13443,170613752,170614461,170615364,1,902,36,0.6842882715290596
13444,170613752,170614486,170615385,1,899,95,0.5582836020478127
13445,170613752,170614486,170615388,1,902,68,0.2993677661642342
13446,170613757,170613757,170614300,1,542,142,0.21563765001119195
13447,170613757,170613757,170614300,1,542,104,0.5134958271566612
13448,170613758,170614548,170615449,1,901,145,0.7922662309782034
13449,170613759,170613760,170618093,4,4332,65,0.7467517294976371
13451,170613761,170613761,170613764,4,3,423,0.038585866900366916
13454,170613763,170613763,170614214,1,451,121,0.03468701052233125
13455,170613763,170613763,170614216,1,452,144,0.5805505572348144
13458,170613768,170614372,170615221,1,849,132,0.6599776663343413
13462,170613769,170613769,170613776,1,6,47,0.6984615530320132
13465,170613770,170613770,170613778,1,8,19,0.42889830892179115
13468,170613779,170614548,170615447,1,899,25,0.25676563042848066
13469,170613798,170613799,170614523,1,723,128,0.13467998550936455
13471,170613804,170625040,170626938,16,1897,152,0.8076827668813783
13472,170613807,170613807,170613829,1,21,64,0.25442778564371216
13473,170613816,170613852,170614145,1,293,492,0.6734333498178715
13479,170613847,170613847,170613857,1,9,46,0.8488783702375954
13480,170613860,170613898,170613917,16,19,50,0.5337730664008082
13481,170613860,170613903,170613921,16,17,419,0.9584576619860091
13482,170613860,170613904,170614868,16,963,415,0.47733209264995147
13483,170613860,170613904,170613922,16,17,426,0.949222287176921
13484,170613860,170613905,170614868,16,962,413,0.27661116047227463
13485,170613860,170613907,170613924,16,17,29,0.12103233576987993
13486,170613860,170613907,170613924,16,17,413,0.32782959072733053
13487,170613860,170613914,170614867,16,952,430,0.8748213283933648
13488,170613860,170613915,170619270,16,5355,419,0.23074478571818757
13489,170613860,170613915,170613933,16,17,418,0.8036622073361692
13490,170613870,170613920,170614018,128,97,414,0.9286285705060895
13491,170613870,170614020,170614140,128,120,462,0.751604130882033
13492,170613872,170613872,170613885,1,13,55,0.6666601581240292
13493,170613872,170614323,170615322,1,999,57,0.14243613552501222
13501,170613935,170613935,170613980,2,45,47,0.5429257090230594
13505,170613961,170616860,170620370,1,3510,120,0.7585290445731055
13510,170613972,170614572,170615074,1,502,20,0.6153388989431683
13513,170613987,170625046,170626928,16,1881,143,0.4215860330248359
13515,170613990,170613991,170614019,2,27,47,0.7022672820242142
13516,170613990,170625055,170626957,16,1901,144,0.6017718695297988
13518,170613992,170614448,170614483,1,34,60,0.30777143001892737
13519,170613993,170613993,170614009,1,16,50,0.6101315556458331
13520,170613993,170625057,170626964,16,1906,153,0.8382814469795957
13521,170613996,170633179,170635050,16,1871,149,0.42979468484953154
13522,170613999,170633195,170635175,16,1980,436,0.856605152137898
13525,170614013,170614031,170614047,2,16,46,0.5192819367055412
13526,170614019,170614049,170614062,2,13,47,0.483089403236619
13529,170614021,170614572,170615073,1,500,22,0.5148740052568643
13531,170614037,170614087,170614812,1,724,42,0.6505143720750737
13534,170614049,170614049,170614093,1,44,50,0.5805313991323956
13535,170614051,170614073,170614086,2,12,55,0.6687959503148571
13536,170614064,170614098,170614118,2,20,47,0.3154176971728393
